Dataset contains 3737 events.
***
pT range		NCohJ 	err 	NIncJ 	err 	NDiss 	err 	NCohP 	err 	NIncP 	err 	sum 	err 	fC 	err 	fD coh	err 	fD inc	err 	fD 	err
(0.000, 2.000) GeV/c	2959.1	59.2	378.4	33.0	186.5	23.7	185.5	3.7	28.4	2.5	3737.9	71.9
(0.200, 2.000) GeV/c	8.1	0.2	301.7	26.3	176.6	22.4	81.5	1.6	22.4	2.0	590.3	34.7	1.68	0.13	17.05	1.28	4.69	0.53	21.74	1.38
(0.200, 1.000) GeV/c	8.1	0.2	298.5	26.0	118.6	15.0	81.5	1.6	22.2	1.9	528.9	30.2	1.93	0.14	19.55	1.46	5.33	0.60	24.89	1.58
(0.200, 0.265) GeV/c	8.0	0.2	47.5	4.1	7.0	0.9	42.0	0.8	3.7	0.3	108.2	4.3	14.68	1.18	77.04	6.18	6.79	0.79	83.83	6.23
(0.265, 0.336) GeV/c	0.1	0.0	54.0	4.7	9.3	1.2	27.7	0.6	4.2	0.4	95.2	4.9	0.08	0.01	43.77	3.47	6.64	0.77	50.41	3.56
(0.336, 0.453) GeV/c	0.0	0.0	76.3	6.7	18.0	2.3	11.1	0.2	5.7	0.5	111.1	7.1	0.00	0.00	11.72	0.90	6.05	0.69	17.76	1.14
(0.453, 0.659) GeV/c	0.0	0.0	82.5	7.2	34.6	4.4	0.8	0.0	6.1	0.5	124.1	8.4	0.00	0.00	0.71	0.05	5.24	0.59	5.95	0.59
(0.659, 1.000) GeV/c	0.0	0.0	38.3	3.3	49.6	6.3	0.0	0.0	2.5	0.2	90.4	7.1	0.00	0.00	0.00	0.00	2.86	0.34	2.86	0.34
