Dataset contains 3737 events.
***
pT range		NCohJ 	err 	NIncJ 	err 	NDiss 	err 	NCohP 	err 	NIncP 	err 	sum 	err 	fC 	err 	fD coh	err 	fD inc	err 	fD 	err
(0.000, 2.000) GeV/c	2947.2	58.9	366.5	33.0	189.1	23.7	207.5	4.1	27.0	2.4	3737.3	71.7
(0.200, 2.000) GeV/c	8.5	0.2	292.2	26.3	179.1	22.5	91.2	1.8	21.3	1.9	592.3	34.7	1.80	0.14	19.35	1.47	4.52	0.52	23.87	1.56
(0.200, 1.000) GeV/c	8.5	0.2	289.1	26.0	120.2	15.1	91.2	1.8	21.1	1.9	530.2	30.2	2.07	0.16	22.28	1.70	5.17	0.60	27.44	1.80
(0.200, 0.265) GeV/c	8.4	0.2	46.0	4.1	7.1	0.9	46.9	0.9	3.5	0.3	112.0	4.3	15.84	1.30	88.40	7.26	6.62	0.80	95.02	7.31
(0.265, 0.336) GeV/c	0.1	0.0	52.3	4.7	9.4	1.2	31.0	0.6	4.0	0.4	96.7	4.9	0.08	0.01	50.19	4.07	6.47	0.77	56.66	4.14
(0.336, 0.453) GeV/c	0.0	0.0	73.9	6.6	18.3	2.3	12.4	0.2	5.4	0.5	110.0	7.1	0.00	0.00	13.40	1.06	5.88	0.69	19.28	1.26
(0.453, 0.659) GeV/c	0.0	0.0	79.9	7.2	35.1	4.4	0.9	0.0	5.8	0.5	121.8	8.4	0.00	0.00	0.81	0.06	5.07	0.59	5.88	0.59
(0.659, 1.000) GeV/c	0.0	0.0	37.1	3.3	50.3	6.3	0.0	0.0	2.4	0.2	89.8	7.1	0.00	0.00	0.00	0.00	2.73	0.33	2.73	0.33
