Dataset contains 3737 events.
***
pT range		NCohJ 	err 	NIncJ 	err 	NDiss 	err 	NCohP 	err 	NIncP 	err 	sum 	err 	fC 	err 	fD coh	err 	fD inc	err 	fD 	err
(0.000, 2.000) GeV/c	2979.6	59.1	351.2	32.2	193.6	24.1	186.8	3.7	26.4	2.4	3737.5	71.7
(0.200, 2.000) GeV/c	7.3	0.1	280.0	25.7	183.3	22.9	82.1	1.6	20.8	1.9	573.6	34.5	1.58	0.12	17.72	1.36	4.49	0.53	22.21	1.46
(0.200, 1.000) GeV/c	7.3	0.1	277.0	25.4	123.1	15.3	82.1	1.6	20.6	1.9	510.2	29.8	1.83	0.14	20.52	1.58	5.16	0.61	25.68	1.69
(0.200, 0.265) GeV/c	7.2	0.1	44.1	4.0	7.3	0.9	42.3	0.8	3.4	0.3	104.3	4.2	14.08	1.17	82.33	6.85	6.68	0.82	89.01	6.90
(0.265, 0.336) GeV/c	0.1	0.0	50.1	4.6	9.6	1.2	27.9	0.6	3.9	0.4	91.6	4.8	0.16	0.01	46.68	3.83	6.53	0.79	53.21	3.91
(0.336, 0.453) GeV/c	0.0	0.0	70.8	6.5	18.7	2.3	11.1	0.2	5.3	0.5	106.0	6.9	0.00	0.00	12.43	0.99	5.91	0.71	18.34	1.22
(0.453, 0.659) GeV/c	0.0	0.0	76.5	7.0	35.9	4.5	0.8	0.0	5.7	0.5	119.0	8.4	0.00	0.00	0.75	0.06	5.06	0.60	5.81	0.60
(0.659, 1.000) GeV/c	0.0	0.0	35.5	3.3	51.5	6.4	0.0	0.0	2.3	0.2	89.4	7.2	0.00	0.00	0.00	0.00	2.68	0.33	2.68	0.33
