Dataset contains 3737 events.
***
pT range		NCohJ 	err 	NIncJ 	err 	NDiss 	err 	NCohP 	err 	NIncP 	err 	sum 	err 	fC 	err 	fD coh	err 	fD inc	err 	fD 	err
(0.000, 2.000) GeV/c	2973.3	58.8	331.7	32.0	198.5	24.3	209.3	4.1	24.4	2.4	3737.3	71.4
(0.200, 2.000) GeV/c	9.3	0.2	264.5	25.5	188.0	23.0	92.0	1.8	19.3	1.9	573.0	34.4	2.05	0.16	20.33	1.59	4.26	0.52	24.60	1.68
(0.200, 1.000) GeV/c	9.3	0.2	261.7	25.2	126.2	15.5	92.0	1.8	19.1	1.8	508.3	29.7	2.39	0.19	23.72	1.87	4.93	0.61	28.65	1.96
(0.200, 0.265) GeV/c	9.2	0.2	41.6	4.0	7.5	0.9	47.4	0.9	3.2	0.3	108.8	4.2	18.70	1.61	96.48	8.30	6.48	0.83	102.96	8.35
(0.265, 0.336) GeV/c	0.1	0.0	47.3	4.6	9.9	1.2	31.2	0.6	3.6	0.3	92.1	4.8	0.19	0.02	54.61	4.63	6.32	0.80	60.94	4.70
(0.336, 0.453) GeV/c	0.0	0.0	66.9	6.4	19.2	2.4	12.5	0.2	4.9	0.5	103.5	6.9	0.00	0.00	14.48	1.19	5.70	0.71	20.18	1.39
(0.453, 0.659) GeV/c	0.0	0.0	72.3	7.0	36.9	4.5	0.9	0.0	5.3	0.5	115.4	8.3	0.00	0.00	0.86	0.07	4.84	0.59	5.70	0.60
(0.659, 1.000) GeV/c	0.0	0.0	33.5	3.2	52.8	6.5	0.0	0.0	2.2	0.2	88.5	7.2	0.00	0.00	0.00	0.00	2.50	0.32	2.50	0.32
