Dataset contains 3737 events.
***
pT range		NCohJ 	err 	NIncJ 	err 	NDiss 	err 	NCohP 	err 	NIncP 	err 	sum 	err 	fC 	err 	fD coh	err 	fD inc	err 	fD 	err
(0.000, 2.000) GeV/c	2973.8	59.1	358.9	32.5	191.5	24.0	186.5	3.7	27.0	2.4	3737.6	71.7
(0.200, 2.000) GeV/c	6.2	0.1	286.1	25.9	181.4	22.7	82.0	1.6	21.3	1.9	576.9	34.5	1.32	0.10	17.53	1.34	4.55	0.53	22.08	1.44
(0.200, 1.000) GeV/c	6.2	0.1	283.1	25.6	121.8	15.3	82.0	1.6	21.1	1.9	514.1	29.9	1.52	0.12	20.24	1.54	5.21	0.61	25.45	1.66
(0.200, 0.265) GeV/c	6.1	0.1	45.0	4.1	7.2	0.9	42.2	0.8	3.5	0.3	104.0	4.3	11.67	0.96	80.77	6.65	6.71	0.81	87.49	6.70
(0.265, 0.336) GeV/c	0.1	0.0	51.2	4.6	9.5	1.2	27.8	0.6	4.0	0.4	92.6	4.8	0.12	0.01	45.83	3.72	6.56	0.79	52.39	3.81
(0.336, 0.453) GeV/c	0.0	0.0	72.4	6.5	18.5	2.3	11.1	0.2	5.4	0.5	107.4	7.0	0.00	0.00	12.22	0.96	5.95	0.70	18.17	1.20
(0.453, 0.659) GeV/c	0.0	0.0	78.2	7.1	35.6	4.5	0.8	0.0	5.8	0.5	120.4	8.4	0.00	0.00	0.74	0.06	5.11	0.60	5.85	0.60
(0.659, 1.000) GeV/c	0.0	0.0	36.3	3.3	51.0	6.4	0.0	0.0	2.4	0.2	89.6	7.2	0.00	0.00	0.00	0.00	2.73	0.33	2.73	0.33
