Dataset contains 3737 events.
***
pT range		NCohJ 	err 	NIncJ 	err 	NDiss 	err 	NCohP 	err 	NIncP 	err 	sum 	err 	fC 	err 	fD coh	err 	fD inc	err 	fD 	err
(0.000, 2.000) GeV/c	2952.7	58.9	359.2	32.8	191.0	23.8	207.9	4.1	26.5	2.4	3737.3	71.6
(0.200, 2.000) GeV/c	7.6	0.2	286.4	26.1	180.9	22.6	91.4	1.8	20.9	1.9	587.1	34.6	1.62	0.12	19.55	1.50	4.47	0.52	24.02	1.59
(0.200, 1.000) GeV/c	7.6	0.2	283.4	25.8	121.4	15.2	91.4	1.8	20.7	1.9	524.5	30.1	1.87	0.14	22.57	1.73	5.12	0.60	27.69	1.83
(0.200, 0.265) GeV/c	7.5	0.1	45.1	4.1	7.2	0.9	47.0	0.9	3.4	0.3	110.3	4.3	14.39	1.19	90.00	7.47	6.59	0.80	96.60	7.51
(0.265, 0.336) GeV/c	0.1	0.0	51.2	4.7	9.5	1.2	31.0	0.6	3.9	0.4	95.7	4.9	0.09	0.01	51.06	4.18	6.44	0.78	57.51	4.25
(0.336, 0.453) GeV/c	0.0	0.0	72.4	6.6	18.5	2.3	12.4	0.2	5.3	0.5	108.6	7.0	0.00	0.00	13.62	1.08	5.85	0.70	19.46	1.29
(0.453, 0.659) GeV/c	0.0	0.0	78.3	7.1	35.5	4.4	0.9	0.0	5.7	0.5	120.4	8.4	0.00	0.00	0.82	0.06	5.03	0.59	5.85	0.59
(0.659, 1.000) GeV/c	0.0	0.0	36.3	3.3	50.8	6.3	0.0	0.0	2.3	0.2	89.5	7.2	0.00	0.00	0.00	0.00	2.68	0.33	2.68	0.33
