Dataset contains 3737 events.
***
pT range		NCohJ 	err 	NIncJ 	err 	NDiss 	err 	NCohP 	err 	NIncP 	err 	sum 	err 	fC 	err 	fD coh	err 	fD inc	err 	fD 	err
(0.000, 2.000) GeV/c	2971.7	59.1	361.7	32.5	190.8	23.9	186.3	3.7	27.2	2.4	3737.7	71.8
(0.200, 2.000) GeV/c	6.2	0.1	288.4	26.0	180.7	22.7	81.9	1.6	21.4	1.9	578.6	34.6	1.33	0.10	17.46	1.33	4.57	0.53	22.03	1.43
(0.200, 1.000) GeV/c	6.2	0.1	285.3	25.7	121.3	15.2	81.9	1.6	21.3	1.9	516.0	30.0	1.53	0.12	20.14	1.53	5.23	0.61	25.37	1.65
(0.200, 0.265) GeV/c	6.2	0.1	45.4	4.1	7.2	0.9	42.2	0.8	3.5	0.3	104.4	4.3	11.72	0.96	80.21	6.58	6.73	0.81	86.94	6.63
(0.265, 0.336) GeV/c	0.1	0.0	51.6	4.6	9.5	1.2	27.8	0.6	4.0	0.4	93.0	4.8	0.11	0.01	45.52	3.69	6.58	0.79	52.09	3.77
(0.336, 0.453) GeV/c	0.0	0.0	72.9	6.6	18.5	2.3	11.1	0.2	5.5	0.5	107.9	7.0	0.00	0.00	12.14	0.96	5.97	0.70	18.11	1.19
(0.453, 0.659) GeV/c	0.0	0.0	78.8	7.1	35.4	4.4	0.8	0.0	5.9	0.5	121.0	8.4	0.00	0.00	0.73	0.06	5.13	0.60	5.87	0.60
(0.659, 1.000) GeV/c	0.0	0.0	36.6	3.3	50.8	6.4	0.0	0.0	2.4	0.2	89.7	7.2	0.00	0.00	0.00	0.00	2.75	0.33	2.75	0.33
