Dataset contains 3737 events.
***
pT range		NCohJ 	err 	NIncJ 	err 	NDiss 	err 	NCohP 	err 	NIncP 	err 	sum 	err 	fC 	err 	fD coh	err 	fD inc	err 	fD 	err
(0.000, 2.000) GeV/c	2975.8	59.1	356.2	32.4	192.2	24.0	186.6	3.7	26.8	2.4	3737.6	71.7
(0.200, 2.000) GeV/c	6.3	0.1	284.0	25.8	182.0	22.8	82.0	1.6	21.1	1.9	575.5	34.5	1.36	0.10	17.59	1.35	4.53	0.53	22.12	1.45
(0.200, 1.000) GeV/c	6.3	0.1	281.0	25.6	122.2	15.3	82.0	1.6	20.9	1.9	512.5	29.9	1.57	0.12	20.34	1.56	5.19	0.61	25.53	1.67
(0.200, 0.265) GeV/c	6.3	0.1	44.7	4.1	7.2	0.9	42.2	0.8	3.5	0.3	103.9	4.3	12.05	1.00	81.30	6.72	6.70	0.81	88.00	6.76
(0.265, 0.336) GeV/c	0.1	0.0	50.8	4.6	9.5	1.2	27.8	0.6	4.0	0.4	92.2	4.8	0.13	0.01	46.11	3.76	6.55	0.79	52.67	3.84
(0.336, 0.453) GeV/c	0.0	0.0	71.8	6.5	18.6	2.3	11.1	0.2	5.4	0.5	106.9	7.0	0.00	0.00	12.29	0.97	5.94	0.71	18.23	1.20
(0.453, 0.659) GeV/c	0.0	0.0	77.7	7.1	35.7	4.5	0.8	0.0	5.8	0.5	120.0	8.4	0.00	0.00	0.74	0.06	5.10	0.60	5.84	0.60
(0.659, 1.000) GeV/c	0.0	0.0	36.0	3.3	51.2	6.4	0.0	0.0	2.4	0.2	89.5	7.2	0.00	0.00	0.00	0.00	2.71	0.33	2.71	0.33
