Dataset contains 3737 events.
***
pT range		NCohJ 	err 	NIncJ 	err 	NDiss 	err 	NCohP 	err 	NIncP 	err 	sum 	err 	fC 	err 	fD coh	err 	fD inc	err 	fD 	err
(0.000, 2.000) GeV/c	2967.0	59.1	367.9	32.7	189.2	23.8	186.0	3.7	27.6	2.5	3737.7	71.8
(0.200, 2.000) GeV/c	6.7	0.1	293.3	26.1	179.1	22.6	81.8	1.6	21.8	1.9	582.8	34.6	1.43	0.11	17.31	1.31	4.61	0.53	21.92	1.41
(0.200, 1.000) GeV/c	6.7	0.1	290.2	25.8	120.3	15.2	81.8	1.6	21.6	1.9	520.6	30.0	1.64	0.12	19.92	1.51	5.27	0.61	25.19	1.62
(0.200, 0.265) GeV/c	6.7	0.1	46.2	4.1	7.1	0.9	42.1	0.8	3.6	0.3	105.7	4.3	12.55	1.02	79.01	6.43	6.75	0.80	85.76	6.48
(0.265, 0.336) GeV/c	0.1	0.0	52.5	4.7	9.4	1.2	27.8	0.6	4.1	0.4	93.8	4.9	0.10	0.01	44.85	3.60	6.60	0.78	51.46	3.69
(0.336, 0.453) GeV/c	0.0	0.0	74.2	6.6	18.3	2.3	11.1	0.2	5.5	0.5	109.1	7.0	0.00	0.00	11.98	0.94	6.00	0.70	17.98	1.17
(0.453, 0.659) GeV/c	0.0	0.0	80.2	7.1	35.1	4.4	0.8	0.0	6.0	0.5	122.1	8.4	0.00	0.00	0.72	0.05	5.17	0.59	5.90	0.60
(0.659, 1.000) GeV/c	0.0	0.0	37.2	3.3	50.3	6.3	0.0	0.0	2.4	0.2	90.0	7.2	0.00	0.00	0.00	0.00	2.79	0.34	2.79	0.34
