Dataset contains 3737 events.
***
pT range		NCohJ 	err 	NIncJ 	err 	NDiss 	err 	NCohP 	err 	NIncP 	err 	sum 	err 	fC 	err 	fD coh	err 	fD inc	err 	fD 	err
(0.000, 2.000) GeV/c	2969.4	59.1	364.7	32.6	190.0	23.9	186.2	3.7	27.4	2.5	3737.7	71.8
(0.200, 2.000) GeV/c	6.4	0.1	290.8	26.0	179.9	22.6	81.8	1.6	21.6	1.9	580.6	34.6	1.36	0.10	17.38	1.32	4.59	0.53	21.98	1.42
(0.200, 1.000) GeV/c	6.4	0.1	287.7	25.7	120.8	15.2	81.8	1.6	21.4	1.9	518.2	30.0	1.57	0.12	20.03	1.52	5.25	0.61	25.28	1.64
(0.200, 0.265) GeV/c	6.3	0.1	45.8	4.1	7.1	0.9	42.1	0.8	3.6	0.3	104.9	4.3	11.99	0.98	79.62	6.50	6.74	0.81	86.36	6.55
(0.265, 0.336) GeV/c	0.1	0.0	52.0	4.7	9.4	1.2	27.8	0.6	4.0	0.4	93.4	4.8	0.10	0.01	45.19	3.65	6.59	0.78	51.78	3.73
(0.336, 0.453) GeV/c	0.0	0.0	73.5	6.6	18.4	2.3	11.1	0.2	5.5	0.5	108.5	7.0	0.00	0.00	12.06	0.95	5.98	0.70	18.05	1.18
(0.453, 0.659) GeV/c	0.0	0.0	79.5	7.1	35.3	4.4	0.8	0.0	5.9	0.5	121.5	8.4	0.00	0.00	0.73	0.06	5.15	0.60	5.88	0.60
(0.659, 1.000) GeV/c	0.0	0.0	36.9	3.3	50.6	6.4	0.0	0.0	2.4	0.2	89.9	7.2	0.00	0.00	0.00	0.00	2.77	0.34	2.77	0.34
