Dataset contains 3737 events.
***
pT range		NCohJ 	err 	NIncJ 	err 	NDiss 	err 	NCohP 	err 	NIncP 	err 	sum 	err 	fC 	err 	fD coh	err 	fD inc	err 	fD 	err
(0.000, 2.000) GeV/c	2971.6	58.8	334.1	32.0	197.8	24.3	209.2	4.1	24.6	2.4	3737.3	71.4
(0.200, 2.000) GeV/c	8.2	0.2	266.3	25.5	187.4	23.0	91.9	1.8	19.4	1.9	573.3	34.5	1.80	0.14	20.27	1.59	4.28	0.52	24.55	1.67
(0.200, 1.000) GeV/c	8.2	0.2	263.5	25.3	125.8	15.4	91.9	1.8	19.3	1.8	508.7	29.7	2.10	0.16	23.62	1.86	4.95	0.61	28.57	1.95
(0.200, 0.265) GeV/c	8.1	0.2	41.9	4.0	7.4	0.9	47.3	0.9	3.2	0.3	108.0	4.2	16.34	1.40	95.90	8.23	6.49	0.83	102.39	8.27
(0.265, 0.336) GeV/c	0.1	0.0	47.7	4.6	9.8	1.2	31.2	0.6	3.6	0.3	92.4	4.8	0.17	0.01	54.30	4.59	6.33	0.80	60.63	4.66
(0.336, 0.453) GeV/c	0.0	0.0	67.4	6.5	19.1	2.3	12.5	0.2	4.9	0.5	103.9	6.9	0.00	0.00	14.41	1.18	5.71	0.71	20.12	1.38
(0.453, 0.659) GeV/c	0.0	0.0	72.8	7.0	36.7	4.5	0.9	0.0	5.3	0.5	115.8	8.3	0.00	0.00	0.86	0.07	4.85	0.59	5.71	0.60
(0.659, 1.000) GeV/c	0.0	0.0	33.8	3.2	52.6	6.5	0.0	0.0	2.2	0.2	88.6	7.2	0.00	0.00	0.00	0.00	2.52	0.32	2.52	0.32
