Dataset contains 3737 events.
***
pT range		NCohJ 	err 	NIncJ 	err 	NDiss 	err 	NCohP 	err 	NIncP 	err 	sum 	err 	fC 	err 	fD coh	err 	fD inc	err 	fD 	err
(0.000, 2.000) GeV/c	2955.3	58.9	355.8	32.7	191.9	23.9	208.1	4.1	26.2	2.4	3737.3	71.6
(0.200, 2.000) GeV/c	7.1	0.1	283.7	26.0	181.7	22.6	91.4	1.8	20.7	1.9	584.7	34.6	1.53	0.12	19.64	1.51	4.45	0.52	24.09	1.60
(0.200, 1.000) GeV/c	7.1	0.1	280.7	25.8	122.0	15.2	91.4	1.8	20.5	1.9	521.8	30.0	1.77	0.14	22.71	1.75	5.10	0.60	27.80	1.85
(0.200, 0.265) GeV/c	7.1	0.1	44.6	4.1	7.2	0.9	47.1	0.9	3.4	0.3	109.4	4.3	13.65	1.14	90.76	7.56	6.58	0.81	97.34	7.60
(0.265, 0.336) GeV/c	0.1	0.0	50.8	4.7	9.5	1.2	31.0	0.6	3.9	0.4	95.3	4.9	0.09	0.01	51.48	4.23	6.43	0.78	57.91	4.30
(0.336, 0.453) GeV/c	0.0	0.0	71.7	6.6	18.6	2.3	12.4	0.2	5.3	0.5	108.0	7.0	0.00	0.00	13.72	1.10	5.83	0.70	19.55	1.30
(0.453, 0.659) GeV/c	0.0	0.0	77.6	7.1	35.6	4.4	0.9	0.0	5.7	0.5	119.8	8.4	0.00	0.00	0.83	0.06	5.00	0.59	5.83	0.59
(0.659, 1.000) GeV/c	0.0	0.0	36.0	3.3	51.1	6.4	0.0	0.0	2.3	0.2	89.4	7.2	0.00	0.00	0.00	0.00	2.66	0.33	2.66	0.33
