Lumi	err	RapW	BR	err	e_p-up	err	e_diss	err	flux	err
231.9 	6.3 	1.6 	5.961 	0.033 	94.0 	2.8 	63.7 	2.4 	84.9 	1.7 

Bin	Pt2Low	Pt2Upp	Pt2_W	N	err	AxE	err	FD [%]	err	FC [%]	err	sig	stat	syst u	syst c
0	0.040	1.000	0.960	511.8	25.7	2.498	0.009	25.1	3.2	1.565	0.120	1.27	0.06	0.01	0.09
1	0.040	0.080	0.040	127.8	12.4	3.393	0.027	81.9	11.7	9.351	0.774	3.71	0.36	0.05	0.34
2	0.080	0.152	0.072	127.4	12.4	3.031	0.021	36.0	4.9	0.024	0.002	3.24	0.32	0.05	0.24
3	0.152	0.258	0.106	85.0	10.4	2.496	0.019	9.3	1.0	0.000	0.000	2.22	0.27	0.07	0.14
4	0.258	0.477	0.219	85.7	11.2	2.046	0.016	4.9	0.4	0.000	0.000	1.37	0.18	0.02	0.09
5	0.477	1.000	0.523	86.5	10.8	1.613	0.018	2.7	0.2	0.000	0.000	0.75	0.09	0.02	0.05
