Dataset contains 3633 events.
***
pT range		NCohJ 	err 	NIncJ 	err 	NDiss 	err 	NCohP 	err 	NIncP 	err 	sum 	err 	fC 	err 	fD coh	err 	fD inc	err 	fD 	err
(0.000, 2.000) GeV/c	2865.1	58.0	355.1	33.1	184.6	24.3	201.7	4.1	26.2	2.4	3632.8	71.2
(0.200, 2.000) GeV/c	12.6	0.3	283.3	26.4	174.9	23.0	89.5	1.8	20.8	1.9	581.0	35.1	2.74	0.22	19.54	1.54	4.53	0.55	24.07	1.64
(0.200, 1.000) GeV/c	17.5	0.4	280.3	26.2	117.4	15.4	89.5	1.8	20.6	1.9	525.4	30.5	4.41	0.35	22.51	1.78	5.18	0.62	27.69	1.88
(0.200, 0.280) GeV/c	8.6	0.2	55.2	5.1	8.7	1.1	54.6	1.1	4.3	0.4	131.3	5.4	13.44	1.14	85.47	7.26	6.68	0.83	92.15	7.31
(0.280, 0.375) GeV/c	3.0	0.1	66.4	6.2	13.0	1.7	29.5	0.6	5.0	0.5	116.9	6.5	3.73	0.31	37.20	3.10	6.33	0.78	43.53	3.20
(0.375, 0.569) GeV/c	0.9	0.0	97.3	9.1	31.5	4.1	5.4	0.1	7.1	0.7	142.1	10.0	0.69	0.05	4.18	0.33	5.50	0.67	9.67	0.75
(0.569, 1.000) GeV/c	0.1	0.0	61.5	5.7	64.2	8.4	0.0	0.0	4.2	0.4	130.0	10.2	0.08	0.01	0.00	0.00	3.37	0.42	3.38	0.42
