Dataset contains 3633 events.
***
pT range		NCohJ 	err 	NIncJ 	err 	NDiss 	err 	NCohP 	err 	NIncP 	err 	sum 	err 	fC 	err 	fD coh	err 	fD inc	err 	fD 	err
(0.000, 2.000) GeV/c	2895.7	57.8	314.0	31.6	196.1	24.9	203.9	4.1	23.1	2.3	3632.8	70.6
(0.200, 2.000) GeV/c	8.5	0.2	250.5	25.2	185.7	23.6	90.5	1.8	18.4	1.8	553.5	34.7	1.94	0.16	20.74	1.69	4.21	0.54	24.95	1.78
(0.200, 1.000) GeV/c	8.5	0.2	247.8	25.0	124.7	15.8	90.5	1.8	18.2	1.8	489.7	29.7	2.28	0.19	24.29	1.99	4.89	0.63	29.18	2.08
(0.200, 0.280) GeV/c	8.4	0.2	48.8	4.9	9.3	1.2	55.2	1.1	3.8	0.4	125.4	5.2	14.51	1.30	95.09	8.49	6.50	0.87	101.59	8.54
(0.280, 0.375) GeV/c	0.1	0.0	58.7	5.9	13.8	1.8	29.9	0.6	4.4	0.4	106.9	6.2	0.08	0.01	41.16	3.60	6.13	0.81	47.29	3.69
(0.375, 0.569) GeV/c	0.0	0.0	86.0	8.7	33.4	4.2	5.4	0.1	6.3	0.6	131.1	9.7	0.00	0.00	4.55	0.38	5.24	0.68	9.79	0.78
(0.569, 1.000) GeV/c	0.0	0.0	54.4	5.5	68.2	8.7	0.0	0.0	3.7	0.4	126.3	10.3	0.00	0.00	0.00	0.00	3.06	0.40	3.06	0.40
