Dataset contains 3633 events.
***
pT range		NCohJ 	err 	NIncJ 	err 	NDiss 	err 	NCohP 	err 	NIncP 	err 	sum 	err 	fC 	err 	fD coh	err 	fD inc	err 	fD 	err
(0.000, 2.000) GeV/c	2848.8	57.9	377.3	33.1	179.9	23.9	200.5	4.1	27.8	2.4	3634.3	71.0
(0.200, 2.000) GeV/c	0.0	0.0	301.0	26.4	170.4	22.7	89.0	1.8	22.1	1.9	582.5	34.9	0.01	0.00	18.87	1.45	4.68	0.54	23.55	1.54
(0.200, 1.000) GeV/c	0.0	0.0	297.8	26.1	114.4	15.2	89.0	1.8	21.9	1.9	523.1	30.4	0.01	0.00	21.58	1.64	5.31	0.61	26.89	1.75
(0.200, 0.280) GeV/c	0.0	0.0	58.6	5.1	8.5	1.1	54.3	1.1	4.5	0.4	125.9	5.4	0.02	0.00	80.85	6.55	6.76	0.80	87.61	6.60
(0.280, 0.375) GeV/c	0.0	0.0	70.5	6.2	12.7	1.7	29.4	0.6	5.3	0.5	117.9	6.5	0.00	0.00	35.27	2.81	6.42	0.75	41.69	2.91
(0.375, 0.569) GeV/c	0.0	0.0	103.4	9.1	30.7	4.1	5.3	0.1	7.5	0.7	146.9	10.0	0.00	0.00	3.99	0.31	5.61	0.64	9.60	0.71
(0.569, 1.000) GeV/c	0.0	0.0	65.4	5.7	62.5	8.3	0.0	0.0	4.5	0.4	132.4	10.1	0.00	0.00	0.00	0.00	3.52	0.42	3.53	0.42
