Dataset contains 3664 events.
***
pT range		NCohJ 	err 	NIncJ 	err 	NDiss 	err 	NCohP 	err 	NIncP 	err 	sum 	err 	fC 	err 	fD coh	err 	fD inc	err 	fD 	err
(0.000, 2.000) GeV/c	2913.8	58.5	348.9	32.2	192.4	24.0	183.0	3.7	26.2	2.4	3664.3	71.1
(0.200, 2.000) GeV/c	6.0	0.1	278.3	25.7	182.2	22.8	80.4	1.6	20.7	1.9	567.6	34.4	1.30	0.10	17.46	1.35	4.48	0.53	21.95	1.45
(0.200, 1.000) GeV/c	6.0	0.1	275.3	25.4	122.3	15.3	80.4	1.6	20.5	1.9	504.6	29.8	1.51	0.12	20.22	1.56	5.15	0.61	25.37	1.68
(0.200, 0.283) GeV/c	6.0	0.1	56.5	5.2	9.5	1.2	50.3	1.0	4.4	0.4	126.6	5.5	9.06	0.76	76.13	6.36	6.64	0.82	82.77	6.42
(0.283, 0.390) GeV/c	0.0	0.0	72.5	6.7	15.5	1.9	27.0	0.5	5.5	0.5	120.6	7.0	0.02	0.00	30.64	2.50	6.28	0.76	36.92	2.62
(0.390, 0.572) GeV/c	0.0	0.0	86.4	8.0	31.0	3.9	3.2	0.1	6.4	0.6	126.9	8.9	0.00	0.00	2.71	0.21	5.48	0.65	8.18	0.69
(0.572, 1.000) GeV/c	0.0	0.0	59.9	5.5	66.3	8.3	0.0	0.0	4.1	0.4	130.4	10.0	0.00	0.00	0.00	0.00	3.28	0.40	3.29	0.40
