Dataset contains 3664 events.
***
pT range		NCohJ 	err 	NIncJ 	err 	NDiss 	err 	NCohP 	err 	NIncP 	err 	sum 	err 	fC 	err 	fD coh	err 	fD inc	err 	fD 	err
(0.000, 2.000) GeV/c	2911.7	58.5	351.7	32.3	191.6	24.0	182.9	3.7	26.4	2.4	3664.3	71.2
(0.200, 2.000) GeV/c	6.0	0.1	280.6	25.8	181.5	22.7	80.4	1.6	20.8	1.9	569.3	34.5	1.31	0.10	17.39	1.34	4.51	0.53	21.90	1.44
(0.200, 1.000) GeV/c	6.0	0.1	277.6	25.5	121.8	15.3	80.4	1.6	20.7	1.9	506.5	29.8	1.51	0.12	20.12	1.55	5.17	0.61	25.29	1.67
(0.200, 0.283) GeV/c	6.0	0.1	57.0	5.2	9.4	1.2	50.2	1.0	4.4	0.4	127.1	5.5	9.07	0.76	75.58	6.29	6.65	0.81	82.24	6.35
(0.283, 0.390) GeV/c	0.0	0.0	73.1	6.7	15.5	1.9	27.0	0.5	5.6	0.5	121.1	7.0	0.02	0.00	30.43	2.48	6.29	0.76	36.73	2.59
(0.390, 0.572) GeV/c	0.0	0.0	87.1	8.0	30.8	3.9	3.2	0.1	6.5	0.6	127.6	8.9	0.00	0.00	2.69	0.21	5.49	0.65	8.18	0.69
(0.572, 1.000) GeV/c	0.0	0.0	60.4	5.6	66.1	8.3	0.0	0.0	4.2	0.4	130.7	10.0	0.00	0.00	0.00	0.00	3.31	0.40	3.31	0.40
