Dataset contains 3664 events.
***
pT range		NCohJ 	err 	NIncJ 	err 	NDiss 	err 	NCohP 	err 	NIncP 	err 	sum 	err 	fC 	err 	fD coh	err 	fD inc	err 	fD 	err
(0.000, 2.000) GeV/c	2898.7	58.5	368.3	32.8	187.3	23.7	182.0	3.7	27.6	2.5	3664.0	71.3
(0.200, 2.000) GeV/c	7.8	0.2	293.8	26.1	177.4	22.5	80.0	1.6	21.8	1.9	580.8	34.6	1.65	0.13	16.98	1.29	4.63	0.53	21.60	1.39
(0.200, 1.000) GeV/c	7.8	0.2	290.7	25.9	119.1	15.1	80.0	1.6	21.6	1.9	519.2	30.0	1.89	0.14	19.52	1.48	5.28	0.61	24.80	1.60
(0.200, 0.283) GeV/c	7.7	0.2	59.7	5.3	9.2	1.2	50.0	1.0	4.6	0.4	131.3	5.5	11.21	0.91	72.55	5.91	6.72	0.80	79.26	5.96
(0.283, 0.390) GeV/c	0.0	0.0	76.6	6.8	15.1	1.9	26.8	0.5	5.8	0.5	124.4	7.1	0.04	0.00	29.27	2.34	6.37	0.75	35.64	2.45
(0.390, 0.572) GeV/c	0.0	0.0	91.2	8.1	30.2	3.8	3.2	0.1	6.8	0.6	131.3	9.0	0.00	0.00	2.60	0.20	5.59	0.65	8.19	0.68
(0.572, 1.000) GeV/c	0.0	0.0	63.2	5.6	64.6	8.2	0.0	0.0	4.4	0.4	132.2	9.9	0.00	0.00	0.00	0.00	3.42	0.40	3.43	0.40
