     0.00029  7747.56909 20143.67861  2058.14518  5351.17720  9805.71428 25494.85580
     0.00151  7701.51345 20023.93393  2053.65099  5339.49231  9755.16444 25363.42624
     0.00370  7619.39065 19810.41467  2045.60175  5318.56427  9664.99240 25128.97894
     0.00688  7502.42149 19506.29488  2034.05699  5288.54789  9536.47848 24794.84277
     0.01102  7352.35000 19116.10901  2019.10379  5249.66958  9371.45379 24365.77859
     0.01612  7171.38311 18645.59514  2000.85396  5202.22003  9172.23708 23847.81517
     0.02219  6962.13242 18101.54335  1979.44216  5146.54936  8941.57458 23248.09271
     0.02921  6727.54791 17491.62366  1955.02379  5083.06159  8682.57170 22574.68525
     0.03719  6470.84544 16824.19728  1927.77264  5012.20861  8398.61808 21836.40588
     0.04610  6195.43021 16108.11772  1897.87836  4934.48348  8093.30857 21042.60120
     0.05594  5904.81891 15352.52838  1865.54374  4850.41348  7770.36265 20202.94186
     0.06671  5602.56308 14566.66325  1830.98195  4760.55283  7433.54503 19327.21608
     0.07839  5292.17603 13759.65696  1794.41371  4665.47540  7086.58973 18425.13236
     0.09097  4977.06539 12940.36935  1756.06454  4565.76756  6733.12993 17506.13690
     0.10444  4660.47306 12117.22933  1716.16206  4462.02112  6376.63511 16579.25044
     0.11878  4345.42377 11298.10121  1674.93346  4354.82676  6020.35722 15652.92797
     0.13399  4034.68329 10490.17600  1632.60311  4244.76786  5667.28639 14734.94386
     0.15004  3730.72663  9699.88873  1589.39040  4132.41482  5320.11703 13832.30355
     0.16692  3435.71638  8932.86213  1545.50781  4018.32010  4981.22419 12951.18222
     0.18461  3151.49078  8193.87560  1501.15922  3903.01377  4652.65000 12096.88937
     0.20310  2879.56095  7486.85808  1456.53848  3786.99985  4336.09943 11273.85793
     0.22237  2621.11635  6814.90217  1411.82826  3670.75330  4032.94462 10485.65546
     0.24240  2377.03743  6180.29699  1367.19914  3554.71758  3744.23656  9735.01457
     0.26317  2147.91411  5584.57640  1322.80893  3439.30303  3470.72304  9023.87943
     0.28466  1934.06910  5028.57939  1278.80226  3324.88570  3212.87135  8353.46509
     0.30685  1735.58442  4512.51927  1235.31038  3211.80683  2970.89480  7724.32609
     0.32972  1552.33030  4036.05857  1192.45114  3100.37280  2744.78144  7136.43136
     0.35324  1383.99496  3598.38671  1150.32912  2990.85555  2534.32408  6589.24226
     0.37739  1230.11460  3198.29780  1109.03598  2883.49340  2339.15058  6081.79120
     0.40215  1090.10252  2834.26642  1068.65088  2778.49215  2158.75341  5612.75857
     0.42750   963.27680  2504.51955  1029.24103  2676.02654  1992.51783  5180.54608
     0.45340   848.88590  2207.10324   990.86229  2576.24183  1839.74820  4783.34506
     0.47984   746.13198  1939.94305   953.55990  2479.25562  1699.69188  4419.19867
     0.50679   654.19143  1700.89763   917.36918  2385.15974  1571.56061  4086.05737
     0.53422   572.23275  1487.80507   882.31629  2294.02223  1454.54904  3781.82730
     0.56210   499.43161  1298.52213   848.41902  2205.88935  1347.85064  3504.41148
     0.59041   434.98327  1130.95645   815.68757  2120.78757  1250.67084  3251.74403
     0.61913   378.11240   983.09218   784.12526  2038.72556  1162.23765  3021.81774
     0.64821   328.08062   853.00956   753.72930  1959.69607  1081.80991  2812.70563
     0.67764   284.19193   738.89898   724.49151  1883.67783  1008.68344  2622.57681
     0.70738   245.79632   639.07039   696.39897  1810.63723   942.19529  2449.70763
     0.73741   212.29172   551.95844   669.43467  1740.53006   881.72639  2292.48850
     0.76770   183.12472   476.12424   643.57810  1673.30297   826.70282  2149.42721
     0.79821   157.79013   410.25432   618.80579  1608.89496   776.59592  2019.14928
     0.82892   135.82973   353.15728   595.09184  1547.23869   730.92157  1900.39597
     0.85980   116.83032   303.75882   572.40836  1488.26166   689.23868  1792.02048
     0.89081   100.42133   261.09544   550.72593  1431.88733   651.14725  1692.98278
     0.92193    86.27208   224.30739   530.01391  1378.03610   616.28599  1602.34349
     0.95313    74.08886   192.63101   510.24086  1326.62617   584.32972  1519.25718
     0.98437    63.61191   165.39096   491.37478  1277.57436   554.98669  1442.96532
     1.01563    54.61245   141.99236   473.38340  1230.79676   527.99584  1372.78913
     1.04687    46.88967   121.91315   456.23440  1186.20937   503.12407  1308.12252
     1.07807    40.26798   104.69674   439.89563  1143.72858   480.16361  1248.42532
     1.10919    34.59427    89.94509   424.33527  1103.27165   458.92954  1193.21674
     1.14020    29.73545    77.31217   409.52198  1064.75709   439.25743  1142.06926
     1.17108    25.57616    66.49800   395.42500  1028.10495   421.00116  1094.60295
     1.20179    22.01660    57.24316   382.01430   993.23713   404.03090  1050.48029
     1.23230    18.97069    49.32379   369.26062   960.07756   388.23131  1009.40135
     1.26259    16.36429    42.54714   357.13555   928.55238   373.49983   971.09952
     1.29262    14.13366    36.74752   345.61159   898.59008   359.74525   935.33760
     1.32236    12.22414    31.78277   334.66217   870.12161   346.88632   901.90437
     1.35179    10.58887    27.53106   324.26171   843.08041   334.85058   870.61147
     1.38087     9.18775    23.88815   314.38559   817.40250   323.57334   841.29065
     1.40959     7.98652    20.76495   305.01020   793.02647   312.99672   813.79142
     1.43790     6.95591    18.08537   296.11289   769.89348   303.06880   787.97885
     1.46578     6.07096    15.78450   287.67204   747.94726   293.74300   763.73176
     1.49321     5.31038    13.80698   279.66697   727.13409   284.97735   740.94107
     1.52016     4.65602    12.10564   272.07799   707.40273   276.73400   719.50837
     1.54660     4.09243    10.64031   264.88633   688.70441   268.97875   699.34472
     1.57250     3.60644     9.37675   258.07414   670.99273   261.68058   680.36948
     1.59785     3.18686     8.28583   251.62449   654.22363   254.81135   662.50947
     1.62261     2.82413     7.34274   245.52130   638.35534   248.34542   645.69807
     1.64676     2.51013     6.52633   239.74934   623.34824   242.25946   629.87457
     1.67028     2.23793     5.81861   234.29420   609.16489   236.53213   614.98350
     1.69315     2.00163     5.20424   229.14227   595.76987   231.14390   600.97411
     1.71534     1.79621     4.67016   224.28068   583.12975   226.07690   587.79991
     1.73683     1.61738     4.20520   219.69733   571.21302   221.31471   575.41822
     1.75760     1.46148     3.79986   215.38079   559.99002   216.84227   563.78988
     1.77763     1.32539     3.44601   211.32033   549.43283   212.64572   552.87885
     1.79690     1.20643     3.13673   207.50588   539.51527   208.71232   542.65200
     1.81539     1.10234     2.86607   203.92800   530.21277   205.03034   533.07884
     1.83308     1.01114     2.62897   200.57784   521.50235   201.58898   524.13132
     1.84996     0.93119     2.42108   197.44714   513.36255   198.37833   515.78363
     1.86601     0.86103     2.23869   194.52822   505.77335   195.38925   508.01204
     1.88122     0.79946     2.07860   191.81391   498.71614   192.61337   500.79474
     1.89556     0.74542     1.93809   189.29758   492.17367   190.04299   494.11176
     1.90903     0.69800     1.81481   186.97308   486.12998   187.67108   487.94479
     1.92161     0.65644     1.70675   184.83477   480.57037   185.49121   482.27712
     1.93329     0.62007     1.61219   182.87745   475.48134   183.49752   477.09354
     1.94406     0.58833     1.52967   181.09639   470.85059   181.68472   472.38026
     1.95390     0.56074     1.45791   179.48729   466.66693   180.04802   468.12484
     1.96281     0.53687     1.39586   178.04627   462.92027   178.58314   464.31613
     1.97079     0.51638     1.34260   176.76986   459.60162   177.28625   460.94422
     1.97781     0.49899     1.29736   175.65501   456.70301   176.15400   458.00037
     1.98388     0.48443     1.25951   174.69905   454.21750   175.18347   455.47700
     1.98898     0.47250     1.22851   173.89968   452.13914   174.37218   453.36764
     1.99312     0.46305     1.20393   173.25500   450.46297   173.71805   451.66690
     1.99630     0.45594     1.18545   172.76346   449.18498   173.21940   450.37043
     1.99849     0.45108     1.17281   172.42390   448.30211   172.87498   449.47492
     1.99971     0.44840     1.16584   172.23541   447.81205   172.68381   448.97789
