0.0 0.0011525106218602732
0.001 0.00956902189076925
0.002 0.016409696247416308
0.003 0.02128954572415213
0.004 0.02528176050034865
0.005 0.028435531667840703
0.006 0.03054519153563653
0.007 0.03241858360521461
0.008 0.0338107039148906
0.009 0.03462248744519798
0.01 0.03522580238343181
0.011 0.035605295696880174
0.012 0.035661799316771804
0.013 0.03586885190369721
0.014 0.035765697531225875
0.015 0.0357246380500088
0.016 0.035536093114913625
0.017 0.035402307796441844
0.018 0.03493524029555612
0.019 0.034400484496541796
0.02 0.03403126564565159
0.021 0.03406733268620335
0.022 0.03342184125331455
0.023 0.033000505259549846
0.024 0.03276095601421284
0.025 0.03241086078651667
0.026 0.032195819791510046
0.027 0.03187149535259408
0.028 0.031690482924935155
0.029 0.03133994860667731
0.03 0.031175281320813524
0.031 0.030855811140338505
0.032 0.030450959910069263
0.033 0.030289326342974956
0.034 0.03006805298805376
0.035 0.030017404942813138
0.036 0.029708632760717068
0.037 0.029467953765881325
0.038 0.02936977033447829
0.039 0.029511821167366982
0.04 0.029211888004578548
0.041 0.02891364181225623
0.042 0.02894594819334142
0.043 0.028889730339525063
0.044 0.028810507806699363
0.045 0.028972449376677128
0.046 0.028719797420483084
0.047 0.028849183054634436
0.048 0.02892590830451296
0.049 0.028714045621255933
0.05 0.02891316823055871
0.051 0.02894607521157879
0.052 0.02879796576329615
0.053 0.028851999476084467
0.054 0.02883118310726762
0.055 0.02874269239309776
0.056 0.029072416188746963
0.057 0.028972005236074305
0.058 0.029292394249381373
0.059 0.029155412965691258
0.06 0.028832800477052604
0.061 0.028904453358658235
0.062 0.02878384756850927
0.063 0.028781557222311804
0.064 0.028764729192906513
0.065 0.02879563545873772
0.066 0.028695316801989484
0.067 0.028586204950816613
0.068 0.028276873146349423
0.069 0.028512077222150396
0.07 0.02864217033047223
0.071 0.028289593382654278
0.072 0.028276064458562695
0.073 0.02819132623448593
0.074 0.027913025554358154
0.075 0.027831900474324805
0.076 0.027744017983062478
0.077 0.02758629412432565
0.078 0.02777157815697823
0.079 0.0273996720907072
0.08 0.027333858274844514
0.081 0.0271515239344701
0.082 0.02699906047983135
0.083 0.027239243776675495
0.084 0.026964278646053334
0.085 0.026992021529611703
0.086 0.026839260099244852
0.087 0.026694662104548524
0.088 0.02646773654051166
0.089 0.026598678591637212
0.09 0.026347523282478302
0.091 0.02604166849196588
0.092 0.02581769070570049
0.093 0.026095841951020462
0.094 0.025459777144464405
0.095 0.025716165810974207
0.096 0.025526879033443136
0.097 0.025466936581500857
0.098 0.025253504567790852
0.099 0.02532832989809182
0.1 0.024972799862046185
0.101 0.025153655410544658
0.102 0.02509798567086359
0.103 0.024881350536721157
0.104 0.024854563118269207
0.105 0.02458969051401018
0.106 0.024794744152852943
0.107 0.024573163244043718
0.108 0.024288517784694336
0.109 0.02472071663059042
0.11 0.024574190416057767
0.111 0.023978502584993896
0.112 0.02423731531031438
0.113 0.02387938217893549
0.114 0.023921403061540964
0.115 0.02388575517471855
0.116 0.02376815673279855
0.117 0.023808116418121996
0.118 0.02360063630328477
0.119 0.023688092503227336
0.12 0.02341015765203737
0.121 0.023503278647706273
0.122 0.023211152290152626
0.123 0.023318375975106893
0.124 0.023100455190746768
0.125 0.022856774039391355
0.126 0.02285776523328144
0.127 0.022788407350026105
0.128 0.022553159451897155
0.129 0.022335016872298125
0.13 0.022403151613778094
0.131 0.02225934048323749
0.132 0.02221870576932879
0.133 0.02213533232777005
0.134 0.02203857754232792
0.135 0.02163235728577113
0.136 0.02179385968154671
0.137 0.021719431613414827
0.138 0.021510453134187354
0.139 0.0214728696620247
0.14 0.021067645867174387
0.141 0.02127058094224642
0.142 0.0209788338719454
0.143 0.02089780591474395
0.144 0.0207191749441003
0.145 0.020544350131575757
0.146 0.02038257480907705
0.147 0.020379020964336757
0.148 0.020367242676316344
0.149 0.02029401757084049
0.19 0.01786160501169557
0.23 0.01618037950620979
0.27 0.011808028172485942
0.31 0.008518860305649252
0.35 0.0078598631566255
0.39 0.007260624766220759
0.43 0.006144366845249341
0.47 0.005113589535934184
0.51 0.0043342001602407155
0.55 0.0036798483562432384
0.59 0.0030228766796716374
0.63 0.0023904113469002952
0.67 0.0020988799121560123
0.71 0.0018679037144761006
0.75 0.0016480563724738206
0.79 0.0013696130765127638
0.83 0.0011523202611689592
0.87 0.000967441948266183
0.91 0.0007846522891893796
0.95 0.0006620550898292786
0.99 0.0005887763124376804
1.03 0.0004857178671239119
1.07 0.0003916541828566639
1.11 0.0003662715307520144
1.15 0.00031056844540152263
1.19 0.0002906573843657125
1.23 0.0002454015340568882
1.27 0.00022859551803509594
1.31 0.00019485030959368892
1.35 0.00016152379565782349
1.39 0.00016311149452844133
1.43 0.0001433685267242262
1.47 0.00013828111344375428
