0.0 0.0027421514149884797
0.001 0.009693204455401656
0.002 0.015018462061956103
0.003 0.01894482422806853
0.004 0.02168693277402215
0.005 0.023793026935083457
0.006 0.025536649553049143
0.007 0.026600338495896814
0.008 0.027282837806630635
0.009 0.02798234339985059
0.01 0.028508092613469503
0.011 0.028531906563078406
0.012 0.028733546506320377
0.013 0.02908493655138588
0.014 0.029239180138532
0.015 0.02956952865997084
0.016 0.029500836616378246
0.017 0.02973464183375949
0.018 0.029737629277453777
0.019 0.029823718453164724
0.02 0.030233902077702417
0.021 0.029694393813326676
0.022 0.03010276110147317
0.023 0.030203198238546135
0.024 0.030072580306498897
0.025 0.030334767109318254
0.026 0.030248961380850477
0.027 0.030053596754077268
0.028 0.02991569658583939
0.029 0.029928493547401392
0.03 0.02990097444582747
0.031 0.02956233828763443
0.032 0.029705460727476343
0.033 0.029538282886061123
0.034 0.029268478729834787
0.035 0.029313045585382884
0.036 0.029099671465418565
0.037 0.029093452852560535
0.038 0.029030023336932557
0.039 0.028564736724123286
0.04 0.028609418686646123
0.041 0.028522136587343837
0.042 0.0283915165397391
0.043 0.027977082810508733
0.044 0.028119137181603405
0.045 0.027988829632010704
0.046 0.027670579008375745
0.047 0.027801394720000545
0.048 0.02748338297988308
0.049 0.02744220848065726
0.05 0.027256935106780875
0.051 0.027144894455301844
0.052 0.02714570419736279
0.053 0.02730743613815317
0.054 0.026972207547791942
0.055 0.027054991938013206
0.056 0.02694875489683964
0.057 0.026465992281596115
0.058 0.02664281845330363
0.059 0.02648543312353604
0.06 0.026471074713151518
0.061 0.026688210721270127
0.062 0.026502625362621796
0.063 0.02638675626183435
0.064 0.026474956156505226
0.065 0.02662185175826839
0.066 0.02657937138983318
0.067 0.026447916007342222
0.068 0.026565631699819587
0.069 0.026587384748188923
0.07 0.026540574090539535
0.071 0.026714654001553834
0.072 0.02634123830399443
0.073 0.02659061697319175
0.074 0.02668596800657824
0.075 0.026758283184302723
0.076 0.02694866630083776
0.077 0.026454348341766784
0.078 0.02641124553683658
0.079 0.02677370549359389
0.08 0.026591675764343143
0.081 0.0264967793151399
0.082 0.02659019951875469
0.083 0.026563523315264008
0.084 0.026629538328376653
0.085 0.02634717482613291
0.086 0.026458157472239313
0.087 0.026326157871469424
0.088 0.02649214893120463
0.089 0.026548024698340947
0.09 0.02661742708727847
0.091 0.026403367226282476
0.092 0.026761451873687905
0.093 0.026413910000332864
0.094 0.02621675236124456
0.095 0.02616277540881562
0.096 0.025928713190737186
0.097 0.026127185878098213
0.098 0.025828506761628282
0.099 0.026232130184437714
0.1 0.025828089672109644
0.101 0.025758118228556996
0.102 0.02537967744405852
0.103 0.02532433741569523
0.104 0.025367821808582353
0.105 0.025559807480326997
0.106 0.025071168025786253
0.107 0.024899061867060535
0.108 0.024863549476740906
0.109 0.025037318959953998
0.11 0.024860769523141407
0.111 0.02462839615379484
0.112 0.024510445310402574
0.113 0.024690571828100263
0.114 0.02410150682929484
0.115 0.024330995885947435
0.116 0.02413041521018099
0.117 0.023972720037170592
0.118 0.023770366221323218
0.119 0.02396244633536207
0.12 0.023762583967744996
0.121 0.023740505311206195
0.122 0.023499330781312305
0.123 0.02346717905401157
0.124 0.023303915072982014
0.125 0.023299824773773344
0.126 0.023216973234620533
0.127 0.022820978569877137
0.128 0.023144493397607362
0.129 0.022895317769296337
0.13 0.02272707685771606
0.131 0.022420298573284526
0.132 0.02246458579699633
0.133 0.022443702344641384
0.134 0.022622947225727105
0.135 0.0225445442748487
0.136 0.02230266377193243
0.137 0.022363272315256425
0.138 0.022178527207547268
0.139 0.022126256970338355
0.14 0.022051733399160466
0.141 0.022001933895941326
0.142 0.022115136019800273
0.143 0.022209564590512047
0.144 0.02186769611250025
0.145 0.02186891081880178
0.146 0.021886669460851944
0.147 0.021763531014840194
0.148 0.02172105471724878
0.149 0.021814617860250695
0.19 0.019947418027241853
0.23 0.01712905142481656
0.27 0.015642745037159383
0.31 0.01471206738547841
0.35 0.013534418775286439
0.39 0.013183234622501426
0.43 0.012415038936819183
0.47 0.010367487163074972
0.51 0.009550719775533281
0.55 0.009964951229082598
0.59 0.009702015835381004
0.63 0.009333887941130934
0.67 0.008925311285789248
0.71 0.008363571585938584
0.75 0.007938401323498871
0.79 0.007494486824142707
0.83 0.006847907765739753
0.87 0.006283769435170032
0.91 0.005541054854276728
0.95 0.005138032502126702
0.99 0.0049087841299760866
1.03 0.0047254171205536105
1.07 0.0044801107787117616
1.11 0.004314262838294219
1.15 0.004187240829548092
1.19 0.004409232771134095
1.23 0.004428136194912954
1.27 0.004348747552614623
1.31 0.004186234855519823
1.35 0.003958836248574839
1.39 0.003824152251369483
1.43 0.0038341818786857725
1.47 0.003861270414974439
