Dataset contains 3664 events.
***
pT range		NCohJ 	err 	NIncJ 	err 	NDiss 	err 	NCohP 	err 	NIncP 	err 	sum 	err 	fC 	err 	fD coh	err 	fD inc	err 	fD 	err
(0.000, 2.000) GeV/c	2921.4	58.5	338.8	31.9	195.1	24.2	183.5	3.7	25.4	2.4	3664.3	71.0
(0.200, 2.000) GeV/c	8.0	0.2	270.2	25.5	184.8	22.9	80.6	1.6	20.1	1.9	563.7	34.4	1.76	0.14	17.72	1.38	4.41	0.53	22.13	1.48
(0.200, 1.000) GeV/c	8.0	0.2	267.4	25.2	124.1	15.4	80.6	1.6	19.9	1.9	500.0	29.6	2.05	0.16	20.60	1.61	5.08	0.61	25.68	1.72
(0.200, 0.266) GeV/c	7.9	0.2	43.3	4.1	7.5	0.9	42.0	0.8	3.3	0.3	104.0	4.3	15.62	1.33	82.77	7.02	6.60	0.83	89.37	7.07
(0.266, 0.336) GeV/c	0.1	0.0	47.7	4.5	9.6	1.2	26.9	0.5	3.7	0.3	88.0	4.7	0.17	0.01	46.89	3.92	6.47	0.81	53.36	4.01
(0.336, 0.451) GeV/c	0.0	0.0	67.2	6.3	18.5	2.3	10.9	0.2	5.0	0.5	101.7	6.8	0.00	0.00	12.70	1.03	5.86	0.72	18.56	1.26
(0.451, 0.659) GeV/c	0.0	0.0	74.9	7.1	36.6	4.5	0.9	0.0	5.6	0.5	118.0	8.4	0.00	0.00	0.78	0.06	5.00	0.60	5.79	0.61
(0.659, 1.000) GeV/c	0.0	0.0	34.2	3.2	51.9	6.4	0.0	0.0	2.2	0.2	88.4	7.2	0.00	0.00	0.00	0.00	2.59	0.33	2.59	0.33
