Dataset contains 3664 events.
***
pT range		NCohJ 	err 	NIncJ 	err 	NDiss 	err 	NCohP 	err 	NIncP 	err 	sum 	err 	fC 	err 	fD coh	err 	fD inc	err 	fD 	err
(0.000, 2.000) GeV/c	2911.7	58.5	351.7	32.3	191.6	24.0	182.9	3.7	26.4	2.4	3664.3	71.2
(0.200, 2.000) GeV/c	6.0	0.1	280.6	25.8	181.5	22.7	80.4	1.6	20.8	1.9	569.3	34.5	1.31	0.10	17.39	1.34	4.51	0.53	21.90	1.44
(0.200, 1.000) GeV/c	6.0	0.1	277.6	25.5	121.8	15.3	80.4	1.6	20.7	1.9	506.5	29.8	1.51	0.12	20.12	1.55	5.17	0.61	25.29	1.67
(0.200, 0.266) GeV/c	6.0	0.1	44.9	4.1	7.3	0.9	41.9	0.8	3.5	0.3	103.6	4.3	11.44	0.95	80.10	6.68	6.65	0.81	86.75	6.73
(0.266, 0.336) GeV/c	0.1	0.0	49.6	4.6	9.4	1.2	26.8	0.5	3.9	0.4	89.7	4.7	0.11	0.01	45.42	3.74	6.53	0.79	51.96	3.82
(0.336, 0.451) GeV/c	0.0	0.0	69.8	6.4	18.2	2.3	10.9	0.2	5.2	0.5	104.1	6.8	0.00	0.00	12.33	0.99	5.93	0.71	18.26	1.22
(0.451, 0.659) GeV/c	0.0	0.0	77.8	7.2	35.9	4.5	0.9	0.0	5.8	0.5	120.4	8.5	0.00	0.00	0.77	0.06	5.09	0.60	5.86	0.60
(0.659, 1.000) GeV/c	0.0	0.0	35.5	3.3	51.0	6.4	0.0	0.0	2.3	0.2	88.8	7.2	0.00	0.00	0.00	0.00	2.68	0.33	2.68	0.33
