Dataset contains 3664 events.
***
pT range		NCohJ 	err 	NIncJ 	err 	NDiss 	err 	NCohP 	err 	NIncP 	err 	sum 	err 	fC 	err 	fD coh	err 	fD inc	err 	fD 	err
(0.000, 2.000) GeV/c	2895.7	58.5	372.2	32.9	186.3	23.7	181.8	3.7	27.9	2.5	3664.0	71.3
(0.200, 2.000) GeV/c	8.2	0.2	296.9	26.2	176.5	22.4	79.9	1.6	22.0	1.9	583.5	34.6	1.73	0.13	16.88	1.28	4.65	0.53	21.54	1.38
(0.200, 1.000) GeV/c	8.2	0.2	293.8	25.9	118.5	15.0	79.9	1.6	21.9	1.9	522.2	30.1	1.99	0.15	19.39	1.46	5.30	0.61	24.69	1.58
(0.200, 0.266) GeV/c	8.1	0.2	47.5	4.2	7.1	0.9	41.6	0.8	3.7	0.3	108.1	4.4	14.88	1.21	76.14	6.18	6.73	0.80	82.87	6.23
(0.266, 0.336) GeV/c	0.1	0.0	52.5	4.6	9.1	1.2	26.6	0.5	4.1	0.4	92.3	4.8	0.08	0.01	43.25	3.47	6.62	0.78	49.86	3.55
(0.336, 0.451) GeV/c	0.0	0.0	73.8	6.5	17.7	2.2	10.8	0.2	5.5	0.5	107.9	6.9	0.00	0.00	11.79	0.92	6.03	0.70	17.82	1.16
(0.451, 0.659) GeV/c	0.0	0.0	82.3	7.3	34.9	4.4	0.9	0.0	6.1	0.5	124.3	8.5	0.00	0.00	0.74	0.06	5.23	0.60	5.97	0.60
(0.659, 1.000) GeV/c	0.0	0.0	37.6	3.3	49.6	6.3	0.0	0.0	2.5	0.2	89.6	7.1	0.00	0.00	0.00	0.00	2.82	0.34	2.82	0.34
