Dataset contains 3664 events.
***
pT range		NCohJ 	err 	NIncJ 	err 	NDiss 	err 	NCohP 	err 	NIncP 	err 	sum 	err 	fC 	err 	fD coh	err 	fD inc	err 	fD 	err
(0.000, 2.000) GeV/c	2919.6	58.5	341.2	32.0	194.5	24.2	183.4	3.7	25.6	2.4	3664.3	71.1
(0.200, 2.000) GeV/c	7.2	0.1	272.2	25.5	184.2	22.9	80.6	1.6	20.2	1.9	564.3	34.4	1.57	0.12	17.66	1.37	4.43	0.53	22.08	1.47
(0.200, 1.000) GeV/c	7.2	0.1	269.3	25.3	123.6	15.4	80.6	1.6	20.0	1.9	500.7	29.7	1.82	0.14	20.51	1.60	5.10	0.61	25.61	1.71
(0.200, 0.266) GeV/c	7.1	0.1	43.6	4.1	7.4	0.9	42.0	0.8	3.4	0.3	103.4	4.3	13.87	1.17	82.26	6.96	6.61	0.82	88.87	7.01
(0.266, 0.336) GeV/c	0.1	0.0	48.1	4.5	9.5	1.2	26.9	0.5	3.7	0.4	88.3	4.7	0.15	0.01	46.61	3.89	6.48	0.80	53.09	3.97
(0.336, 0.451) GeV/c	0.0	0.0	67.7	6.4	18.5	2.3	10.9	0.2	5.1	0.5	102.1	6.8	0.00	0.00	12.63	1.02	5.88	0.72	18.50	1.25
(0.451, 0.659) GeV/c	0.0	0.0	75.5	7.1	36.4	4.5	0.9	0.0	5.6	0.5	118.4	8.4	0.00	0.00	0.78	0.06	5.02	0.60	5.80	0.61
(0.659, 1.000) GeV/c	0.0	0.0	34.5	3.2	51.8	6.4	0.0	0.0	2.3	0.2	88.5	7.2	0.00	0.00	0.00	0.00	2.61	0.33	2.61	0.33
