Dataset contains 3664 events.
***
pT range		NCohJ 	err 	NIncJ 	err 	NDiss 	err 	NCohP 	err 	NIncP 	err 	sum 	err 	fC 	err 	fD coh	err 	fD inc	err 	fD 	err
(0.000, 2.000) GeV/c	2904.1	58.5	361.1	32.6	189.2	23.8	182.4	3.7	27.1	2.4	3663.9	71.2
(0.200, 2.000) GeV/c	6.9	0.1	288.0	26.0	179.2	22.6	80.1	1.6	21.4	1.9	575.7	34.5	1.48	0.11	17.15	1.31	4.57	0.53	21.73	1.41
(0.200, 1.000) GeV/c	6.9	0.1	285.0	25.7	120.3	15.2	80.1	1.6	21.2	1.9	513.6	30.0	1.71	0.13	19.78	1.51	5.23	0.61	25.01	1.63
(0.200, 0.266) GeV/c	6.9	0.1	46.1	4.2	7.2	0.9	41.7	0.8	3.6	0.3	105.5	4.4	12.85	1.06	78.24	6.44	6.69	0.81	84.92	6.49
(0.266, 0.336) GeV/c	0.1	0.0	50.9	4.6	9.3	1.2	26.7	0.5	4.0	0.4	90.9	4.8	0.09	0.01	44.40	3.61	6.57	0.79	50.97	3.69
(0.336, 0.451) GeV/c	0.0	0.0	71.6	6.5	18.0	2.3	10.8	0.2	5.4	0.5	105.8	6.9	0.00	0.00	12.08	0.95	5.98	0.71	18.06	1.19
(0.451, 0.659) GeV/c	0.0	0.0	79.9	7.2	35.5	4.5	0.9	0.0	5.9	0.5	122.2	8.5	0.00	0.00	0.75	0.06	5.16	0.60	5.91	0.60
(0.659, 1.000) GeV/c	0.0	0.0	36.5	3.3	50.3	6.3	0.0	0.0	2.4	0.2	89.2	7.2	0.00	0.00	0.00	0.00	2.74	0.34	2.74	0.34
