Dataset contains 3664 events.
***
pT range		NCohJ 	err 	NIncJ 	err 	NDiss 	err 	NCohP 	err 	NIncP 	err 	sum 	err 	fC 	err 	fD coh	err 	fD inc	err 	fD 	err
(0.000, 2.000) GeV/c	2898.7	58.5	368.3	32.8	187.3	23.7	182.0	3.7	27.6	2.5	3664.0	71.3
(0.200, 2.000) GeV/c	7.8	0.2	293.8	26.1	177.4	22.5	80.0	1.6	21.8	1.9	580.8	34.6	1.65	0.13	16.98	1.29	4.63	0.53	21.60	1.39
(0.200, 1.000) GeV/c	7.8	0.2	290.7	25.9	119.1	15.1	80.0	1.6	21.6	1.9	519.2	30.0	1.89	0.14	19.52	1.48	5.28	0.61	24.80	1.60
(0.200, 0.266) GeV/c	7.7	0.2	47.0	4.2	7.2	0.9	41.7	0.8	3.6	0.3	107.2	4.4	14.23	1.16	76.87	6.27	6.71	0.80	83.58	6.32
(0.266, 0.336) GeV/c	0.1	0.0	51.9	4.6	9.2	1.2	26.7	0.5	4.0	0.4	91.8	4.8	0.08	0.01	43.65	3.52	6.60	0.78	50.25	3.60
(0.336, 0.451) GeV/c	0.0	0.0	73.1	6.5	17.8	2.3	10.8	0.2	5.5	0.5	107.1	6.9	0.00	0.00	11.89	0.93	6.01	0.70	17.90	1.17
(0.451, 0.659) GeV/c	0.0	0.0	81.5	7.2	35.1	4.4	0.9	0.0	6.1	0.5	123.5	8.5	0.00	0.00	0.74	0.06	5.20	0.60	5.95	0.60
(0.659, 1.000) GeV/c	0.0	0.0	37.2	3.3	49.9	6.3	0.0	0.0	2.4	0.2	89.5	7.1	0.00	0.00	0.00	0.00	2.79	0.34	2.79	0.34
