Dataset contains 3664 events.
***
pT range		NCohJ 	err 	NIncJ 	err 	NDiss 	err 	NCohP 	err 	NIncP 	err 	sum 	err 	fC 	err 	fD coh	err 	fD inc	err 	fD 	err
(0.000, 2.000) GeV/c	2915.8	58.5	346.3	32.2	193.1	24.1	183.1	3.7	26.0	2.4	3664.3	71.1
(0.200, 2.000) GeV/c	6.2	0.1	276.2	25.7	182.9	22.8	80.5	1.6	20.5	1.9	566.2	34.4	1.35	0.10	17.53	1.36	4.46	0.53	21.99	1.46
(0.200, 1.000) GeV/c	6.2	0.1	273.3	25.4	122.8	15.3	80.5	1.6	20.3	1.9	503.0	29.8	1.56	0.12	20.32	1.57	5.13	0.61	25.45	1.69
(0.200, 0.266) GeV/c	6.1	0.1	44.2	4.1	7.4	0.9	41.9	0.8	3.4	0.3	103.1	4.3	11.83	0.99	81.21	6.82	6.63	0.82	87.84	6.87
(0.266, 0.336) GeV/c	0.1	0.0	48.8	4.5	9.5	1.2	26.8	0.5	3.8	0.4	88.9	4.7	0.13	0.01	46.04	3.81	6.51	0.80	52.54	3.90
(0.336, 0.451) GeV/c	0.0	0.0	68.7	6.4	18.4	2.3	10.9	0.2	5.1	0.5	103.0	6.8	0.00	0.00	12.48	1.00	5.90	0.72	18.39	1.23
(0.451, 0.659) GeV/c	0.0	0.0	76.6	7.1	36.2	4.5	0.9	0.0	5.7	0.5	119.4	8.4	0.00	0.00	0.77	0.06	5.06	0.60	5.83	0.61
(0.659, 1.000) GeV/c	0.0	0.0	35.0	3.2	51.4	6.4	0.0	0.0	2.3	0.2	88.6	7.2	0.00	0.00	0.00	0.00	2.64	0.33	2.64	0.33
