Dataset contains 3664 events.
***
pT range		NCohJ 	err 	NIncJ 	err 	NDiss 	err 	NCohP 	err 	NIncP 	err 	sum 	err 	fC 	err 	fD coh	err 	fD inc	err 	fD 	err
(0.000, 2.000) GeV/c	2923.2	58.5	336.5	31.9	195.8	24.3	183.6	3.7	25.2	2.4	3664.3	71.0
(0.200, 2.000) GeV/c	9.1	0.2	268.4	25.4	185.4	23.0	80.7	1.6	19.9	1.9	563.5	34.4	2.01	0.16	17.78	1.39	4.39	0.53	22.17	1.49
(0.200, 1.000) GeV/c	9.1	0.2	265.6	25.2	124.5	15.4	80.7	1.6	19.8	1.9	499.6	29.6	2.34	0.18	20.68	1.62	5.07	0.61	25.75	1.73
(0.200, 0.266) GeV/c	9.0	0.2	43.0	4.1	7.5	0.9	42.0	0.8	3.3	0.3	104.8	4.3	17.87	1.52	83.27	7.09	6.59	0.83	89.86	7.14
(0.266, 0.336) GeV/c	0.1	0.0	47.4	4.5	9.6	1.2	26.9	0.5	3.7	0.3	87.7	4.7	0.18	0.02	47.16	3.96	6.46	0.81	53.62	4.04
(0.336, 0.451) GeV/c	0.0	0.0	66.7	6.3	18.6	2.3	10.9	0.2	5.0	0.5	101.2	6.8	0.00	0.00	12.76	1.04	5.85	0.72	18.61	1.26
(0.451, 0.659) GeV/c	0.0	0.0	74.4	7.1	36.7	4.5	0.9	0.0	5.5	0.5	117.5	8.4	0.00	0.00	0.79	0.06	4.99	0.60	5.77	0.61
(0.659, 1.000) GeV/c	0.0	0.0	34.0	3.2	52.1	6.5	0.0	0.0	2.2	0.2	88.3	7.2	0.00	0.00	0.00	0.00	2.58	0.33	2.58	0.33
