Dataset contains 3664 events.
***
pT range		NCohJ 	err 	NIncJ 	err 	NDiss 	err 	NCohP 	err 	NIncP 	err 	sum 	err 	fC 	err 	fD coh	err 	fD inc	err 	fD 	err
(0.000, 2.000) GeV/c	2917.8	58.5	343.7	32.1	193.8	24.1	183.2	3.7	25.8	2.4	3664.3	71.1
(0.200, 2.000) GeV/c	6.5	0.1	274.2	25.6	183.5	22.9	80.5	1.6	20.3	1.9	565.1	34.4	1.43	0.11	17.59	1.37	4.44	0.53	22.04	1.47
(0.200, 1.000) GeV/c	6.5	0.1	271.3	25.3	123.2	15.3	80.5	1.6	20.2	1.9	501.7	29.7	1.65	0.13	20.41	1.59	5.12	0.61	25.53	1.70
(0.200, 0.266) GeV/c	6.4	0.1	43.9	4.1	7.4	0.9	41.9	0.8	3.4	0.3	103.1	4.3	12.56	1.06	81.74	6.89	6.62	0.82	88.36	6.94
(0.266, 0.336) GeV/c	0.1	0.0	48.4	4.5	9.5	1.2	26.8	0.5	3.8	0.4	88.6	4.7	0.14	0.01	46.32	3.85	6.50	0.80	52.82	3.93
(0.336, 0.451) GeV/c	0.0	0.0	68.2	6.4	18.4	2.3	10.9	0.2	5.1	0.5	102.6	6.8	0.00	0.00	12.56	1.01	5.89	0.72	18.45	1.24
(0.451, 0.659) GeV/c	0.0	0.0	76.0	7.1	36.3	4.5	0.9	0.0	5.7	0.5	118.9	8.4	0.00	0.00	0.78	0.06	5.04	0.60	5.81	0.61
(0.659, 1.000) GeV/c	0.0	0.0	34.7	3.2	51.6	6.4	0.0	0.0	2.3	0.2	88.6	7.2	0.00	0.00	0.00	0.00	2.63	0.33	2.63	0.33
