Dataset contains 3664 events.
***
pT range		NCohJ 	err 	NIncJ 	err 	NDiss 	err 	NCohP 	err 	NIncP 	err 	sum 	err 	fC 	err 	fD coh	err 	fD inc	err 	fD 	err
(0.000, 2.000) GeV/c	2915.9	58.7	373.5	32.5	187.0	23.6	162.7	3.3	24.9	2.2	3664.0	71.2
(0.200, 2.000) GeV/c	6.3	0.1	297.8	25.9	177.1	22.3	71.4	1.4	19.7	1.7	572.3	34.3	1.33	0.10	15.03	1.12	4.15	0.47	19.17	1.22
(0.200, 1.000) GeV/c	6.3	0.1	294.7	25.7	118.9	15.0	71.4	1.4	19.5	1.7	510.8	29.8	1.53	0.11	17.25	1.29	4.72	0.53	21.98	1.39
(0.200, 0.266) GeV/c	6.3	0.1	47.7	4.2	7.2	0.9	37.4	0.8	3.2	0.3	101.7	4.3	11.40	0.91	68.22	5.46	5.89	0.69	74.11	5.50
(0.266, 0.336) GeV/c	0.1	0.0	52.7	4.6	9.2	1.2	23.8	0.5	3.6	0.3	89.3	4.8	0.10	0.01	38.45	3.04	5.80	0.67	44.24	3.11
(0.336, 0.451) GeV/c	0.0	0.0	74.1	6.4	17.8	2.2	9.5	0.2	4.9	0.4	106.2	6.8	0.00	0.00	10.33	0.80	5.34	0.61	15.67	1.00
(0.451, 0.659) GeV/c	0.0	0.0	82.6	7.2	35.0	4.4	0.7	0.0	5.5	0.5	123.9	8.5	0.00	0.00	0.59	0.04	4.70	0.53	5.29	0.53
(0.659, 1.000) GeV/c	0.0	0.0	37.7	3.3	49.8	6.3	0.0	0.0	2.3	0.2	89.7	7.1	0.00	0.00	0.00	0.00	2.62	0.31	2.62	0.31
