Dataset contains 3664 events.
***
pT range		NCohJ 	err 	NIncJ 	err 	NDiss 	err 	NCohP 	err 	NIncP 	err 	sum 	err 	fC 	err 	fD coh	err 	fD inc	err 	fD 	err
(0.000, 2.000) GeV/c	2904.1	58.4	347.8	32.1	192.0	23.9	192.5	3.9	27.5	2.5	3664.0	70.9
(0.200, 2.000) GeV/c	6.3	0.1	277.3	25.6	181.9	22.6	84.4	1.7	21.8	2.0	571.7	34.3	1.37	0.11	18.39	1.42	4.74	0.56	23.13	1.53
(0.200, 1.000) GeV/c	6.3	0.1	274.4	25.3	122.1	15.2	84.4	1.7	21.6	2.0	508.8	29.7	1.59	0.12	21.30	1.64	5.45	0.65	26.74	1.77
(0.200, 0.266) GeV/c	6.2	0.1	44.4	4.1	7.3	0.9	44.3	0.9	3.6	0.3	105.8	4.3	12.03	1.01	85.55	7.16	6.90	0.85	92.44	7.21
(0.266, 0.336) GeV/c	0.1	0.0	49.1	4.5	9.4	1.2	28.1	0.6	4.0	0.4	90.6	4.7	0.10	0.01	48.13	3.97	6.78	0.83	54.91	4.06
(0.336, 0.451) GeV/c	0.0	0.0	69.0	6.4	18.2	2.3	11.2	0.2	5.4	0.5	103.9	6.8	0.00	0.00	12.87	1.03	6.22	0.75	19.09	1.27
(0.451, 0.659) GeV/c	0.0	0.0	76.9	7.1	36.0	4.5	0.8	0.0	6.1	0.6	119.8	8.4	0.00	0.00	0.73	0.06	5.41	0.64	6.14	0.64
(0.659, 1.000) GeV/c	0.0	0.0	35.1	3.2	51.1	6.4	0.0	0.0	2.5	0.2	88.7	7.1	0.00	0.00	0.00	0.00	2.94	0.36	2.94	0.36
