Dataset contains 3664 events.
***
pT range		NCohJ 	err 	NIncJ 	err 	NDiss 	err 	NCohP 	err 	NIncP 	err 	sum 	err 	fC 	err 	fD coh	err 	fD inc	err 	fD 	err
(0.000, 2.000) GeV/c	2900.0	58.3	339.6	32.0	193.7	24.0	202.4	4.1	28.3	2.7	3664.0	70.8
(0.200, 2.000) GeV/c	6.3	0.1	270.8	25.5	183.4	22.7	88.8	1.8	22.4	2.1	571.7	34.3	1.38	0.11	19.54	1.52	4.93	0.59	24.47	1.63
(0.200, 1.000) GeV/c	6.3	0.1	268.0	25.2	123.2	15.3	88.8	1.8	22.2	2.1	508.4	29.6	1.60	0.13	22.70	1.77	5.67	0.68	28.37	1.90
(0.200, 0.266) GeV/c	6.2	0.1	43.4	4.1	7.4	0.9	46.5	0.9	3.7	0.3	107.2	4.3	12.24	1.04	91.66	7.78	7.22	0.90	98.88	7.83
(0.266, 0.336) GeV/c	0.1	0.0	47.9	4.5	9.5	1.2	29.6	0.6	4.1	0.4	91.1	4.7	0.10	0.01	51.54	4.31	7.09	0.88	58.63	4.40
(0.336, 0.451) GeV/c	0.0	0.0	67.4	6.3	18.4	2.3	11.8	0.2	5.6	0.5	103.1	6.8	0.00	0.00	13.76	1.12	6.50	0.80	20.25	1.37
(0.451, 0.659) GeV/c	0.0	0.0	75.1	7.1	36.3	4.5	0.9	0.0	6.3	0.6	118.6	8.4	0.00	0.00	0.78	0.06	5.63	0.68	6.41	0.68
(0.659, 1.000) GeV/c	0.0	0.0	34.3	3.2	51.5	6.4	0.0	0.0	2.6	0.2	88.4	7.2	0.00	0.00	0.00	0.00	3.03	0.38	3.03	0.38
