Dataset contains 3664 events.
***
pT range		NCohJ 	err 	NIncJ 	err 	NDiss 	err 	NCohP 	err 	NIncP 	err 	sum 	err 	fC 	err 	fD coh	err 	fD inc	err 	fD 	err
(0.000, 2.000) GeV/c	2912.2	58.6	364.6	32.4	188.8	23.7	172.7	3.5	25.8	2.3	3664.1	71.2
(0.200, 2.000) GeV/c	6.3	0.1	290.8	25.9	178.8	22.5	75.7	1.5	20.4	1.8	572.0	34.3	1.34	0.10	16.13	1.22	4.35	0.50	20.48	1.32
(0.200, 1.000) GeV/c	6.3	0.1	287.7	25.6	120.0	15.1	75.7	1.5	20.2	1.8	510.0	29.8	1.55	0.12	18.58	1.40	4.96	0.57	23.54	1.52
(0.200, 0.266) GeV/c	6.2	0.1	46.5	4.1	7.2	0.9	39.7	0.8	3.3	0.3	103.1	4.3	11.61	0.94	73.83	6.01	6.22	0.74	80.06	6.05
(0.266, 0.336) GeV/c	0.1	0.0	51.4	4.6	9.2	1.2	25.2	0.5	3.7	0.3	89.7	4.8	0.10	0.01	41.59	3.34	6.12	0.72	47.71	3.42
(0.336, 0.451) GeV/c	0.0	0.0	72.3	6.4	17.9	2.3	10.1	0.2	5.1	0.5	105.4	6.8	0.00	0.00	11.15	0.87	5.63	0.66	16.79	1.09
(0.451, 0.659) GeV/c	0.0	0.0	80.6	7.2	35.4	4.4	0.7	0.0	5.7	0.5	122.5	8.5	0.00	0.00	0.64	0.05	4.93	0.57	5.57	0.57
(0.659, 1.000) GeV/c	0.0	0.0	36.8	3.3	50.2	6.3	0.0	0.0	2.4	0.2	89.4	7.1	0.00	0.00	0.00	0.00	2.72	0.33	2.72	0.33
