Dataset contains 3737 events.
***
pT range		NCohJ 	err 	NIncJ 	err 	NDiss 	err 	NCohP 	err 	NIncP 	err 	sum 	err 	fC 	err 	fD coh	err 	fD inc	err 	fD 	err
(0.000, 2.000) GeV/c	2929.2	59.0	417.2	33.4	177.4	23.0	183.6	3.7	31.3	2.5	3738.8	71.7
(0.200, 2.000) GeV/c	0.1	0.0	332.7	26.6	168.0	21.8	80.7	1.6	24.7	2.0	606.1	34.5	0.01	0.00	16.12	1.15	4.94	0.52	21.05	1.27
(0.200, 1.000) GeV/c	0.0	0.0	329.1	26.3	112.8	14.6	80.7	1.6	24.5	2.0	547.2	30.2	0.01	0.00	18.26	1.30	5.55	0.58	23.81	1.42
(0.200, 0.265) GeV/c	0.0	0.0	52.3	4.2	6.7	0.9	41.5	0.8	4.1	0.3	104.7	4.4	0.02	0.00	70.37	5.29	6.91	0.75	77.28	5.34
(0.265, 0.336) GeV/c	0.0	0.0	59.5	4.8	8.8	1.1	27.4	0.6	4.6	0.4	100.3	4.9	0.00	0.00	40.08	2.98	6.78	0.73	46.86	3.07
(0.336, 0.453) GeV/c	0.0	0.0	84.1	6.7	17.2	2.2	10.9	0.2	6.3	0.5	118.5	7.1	0.00	0.00	10.80	0.79	6.21	0.66	17.00	1.03
(0.453, 0.659) GeV/c	0.0	0.0	90.9	7.3	32.9	4.3	0.8	0.0	6.8	0.5	131.5	8.4	0.00	0.00	0.67	0.05	5.46	0.57	6.13	0.58
(0.659, 1.000) GeV/c	0.0	0.0	42.2	3.4	47.2	6.1	0.0	0.0	2.8	0.2	92.2	7.0	0.00	0.00	0.00	0.00	3.10	0.35	3.10	0.35
