Dataset contains 3737 events.
***
pT range		NCohJ 	err 	NIncJ 	err 	NDiss 	err 	NCohP 	err 	NIncP 	err 	sum 	err 	fC 	err 	fD coh	err 	fD inc	err 	fD 	err
(0.000, 2.000) GeV/c	2942.0	58.9	373.9	33.5	186.7	23.6	207.1	4.1	27.6	2.5	3737.3	72.0
(0.200, 2.000) GeV/c	12.8	0.3	298.1	26.7	176.8	22.4	91.0	1.8	21.7	1.9	600.5	34.9	2.70	0.21	19.17	1.46	4.58	0.53	23.75	1.55
(0.200, 1.000) GeV/c	18.1	0.4	295.0	26.4	118.7	15.0	91.0	1.8	21.6	1.9	544.3	30.5	4.36	0.33	22.01	1.68	5.22	0.60	27.22	1.78
(0.200, 0.265) GeV/c	6.6	0.1	46.9	4.2	7.0	0.9	46.9	0.9	3.6	0.3	111.0	4.4	12.20	1.00	86.89	7.13	6.65	0.80	93.53	7.18
(0.265, 0.336) GeV/c	4.2	0.1	53.3	4.8	9.3	1.2	30.9	0.6	4.1	0.4	101.7	5.0	6.64	0.54	49.35	4.00	6.51	0.77	55.86	4.07
(0.336, 0.453) GeV/c	1.6	0.0	75.4	6.7	18.1	2.3	12.3	0.2	5.5	0.5	112.9	7.1	1.74	0.14	13.20	1.04	5.92	0.70	19.12	1.25
(0.453, 0.659) GeV/c	0.4	0.0	81.5	7.3	34.7	4.4	0.9	0.0	6.0	0.5	123.5	8.5	0.35	0.03	0.80	0.06	5.12	0.59	5.92	0.60
(0.659, 1.000) GeV/c	0.0	0.0	37.8	3.4	49.7	6.3	0.0	0.0	2.4	0.2	90.0	7.1	0.05	0.00	0.00	0.00	2.78	0.34	2.78	0.34
