Dataset contains 3737 events.
***
pT range		NCohJ 	err 	NIncJ 	err 	NDiss 	err 	NCohP 	err 	NIncP 	err 	sum 	err 	fC 	err 	fD coh	err 	fD inc	err 	fD 	err
(0.000, 2.000) GeV/c	2972.9	58.8	332.3	32.0	198.3	24.3	209.3	4.1	24.5	2.4	3737.3	71.4
(0.200, 2.000) GeV/c	9.0	0.2	264.9	25.5	187.8	23.0	92.0	1.8	19.3	1.9	573.1	34.4	1.99	0.16	20.32	1.59	4.27	0.52	24.58	1.68
(0.200, 1.000) GeV/c	9.0	0.2	262.1	25.2	126.1	15.4	92.0	1.8	19.2	1.8	508.4	29.7	2.32	0.18	23.69	1.87	4.94	0.61	28.63	1.96
(0.200, 0.265) GeV/c	8.9	0.2	41.7	4.0	7.5	0.9	47.4	0.9	3.2	0.3	108.6	4.2	18.09	1.56	96.34	8.29	6.48	0.83	102.82	8.33
(0.265, 0.336) GeV/c	0.1	0.0	47.4	4.6	9.8	1.2	31.2	0.6	3.6	0.3	92.2	4.8	0.18	0.02	54.54	4.62	6.32	0.80	60.86	4.69
(0.336, 0.453) GeV/c	0.0	0.0	67.0	6.4	19.2	2.4	12.5	0.2	4.9	0.5	103.6	6.9	0.00	0.00	14.46	1.19	5.70	0.71	20.17	1.38
(0.453, 0.659) GeV/c	0.0	0.0	72.4	7.0	36.8	4.5	0.9	0.0	5.3	0.5	115.5	8.3	0.00	0.00	0.86	0.07	4.84	0.59	5.70	0.60
(0.659, 1.000) GeV/c	0.0	0.0	33.6	3.2	52.8	6.5	0.0	0.0	2.2	0.2	88.5	7.2	0.00	0.00	0.00	0.00	2.50	0.32	2.50	0.32
