Dataset contains 3737 events.
***
pT range		NCohJ 	err 	NIncJ 	err 	NDiss 	err 	NCohP 	err 	NIncP 	err 	sum 	err 	fC 	err 	fD coh	err 	fD inc	err 	fD 	err
(0.000, 2.000) GeV/c	2964.6	58.9	343.5	32.4	195.1	24.1	208.7	4.1	25.3	2.4	3737.3	71.6
(0.200, 2.000) GeV/c	9.1	0.2	273.8	25.8	184.8	22.8	91.5	1.8	20.0	1.9	579.2	34.6	1.97	0.15	19.95	1.55	4.36	0.53	24.32	1.64
(0.200, 1.000) GeV/c	9.1	0.2	270.9	25.6	124.1	15.3	91.5	1.8	19.8	1.9	515.4	29.9	2.29	0.18	23.17	1.81	5.02	0.61	28.19	1.91
(0.200, 0.265) GeV/c	8.9	0.2	43.1	4.1	7.3	0.9	47.4	0.9	3.2	0.3	110.0	4.3	17.74	1.51	93.96	7.98	6.41	0.80	100.37	8.02
(0.265, 0.336) GeV/c	0.1	0.0	49.0	4.6	9.7	1.2	31.0	0.6	3.7	0.3	93.6	4.8	0.18	0.02	52.84	4.43	6.29	0.78	59.13	4.50
(0.336, 0.453) GeV/c	0.0	0.0	69.2	6.5	18.9	2.3	12.2	0.2	5.1	0.5	105.4	7.0	0.00	0.00	13.89	1.13	5.75	0.71	19.64	1.33
(0.453, 0.659) GeV/c	0.0	0.0	74.9	7.1	36.2	4.5	0.9	0.0	5.5	0.5	117.5	8.4	0.00	0.00	0.77	0.06	4.97	0.60	5.73	0.60
(0.659, 1.000) GeV/c	0.0	0.0	34.7	3.3	51.9	6.4	0.0	0.0	2.3	0.2	89.0	7.2	0.00	0.00	0.00	0.00	2.70	0.34	2.70	0.34
