Dataset contains 3737 events.
***
pT range		NCohJ 	err 	NIncJ 	err 	NDiss 	err 	NCohP 	err 	NIncP 	err 	sum 	err 	fC 	err 	fD coh	err 	fD inc	err 	fD 	err
(0.000, 2.000) GeV/c	2968.0	59.1	366.6	32.7	189.4	23.9	186.1	3.7	27.5	2.5	3737.7	71.8
(0.200, 2.000) GeV/c	6.6	0.1	292.3	26.0	179.4	22.6	81.6	1.6	21.8	1.9	581.6	34.6	1.39	0.11	17.30	1.31	4.62	0.53	21.92	1.41
(0.200, 1.000) GeV/c	6.6	0.1	289.2	25.8	120.4	15.2	81.6	1.6	21.6	1.9	519.4	30.0	1.60	0.12	19.92	1.51	5.27	0.61	25.19	1.63
(0.200, 0.265) GeV/c	6.5	0.1	46.0	4.1	7.1	0.9	42.2	0.8	3.5	0.3	105.4	4.3	12.26	1.00	79.54	6.48	6.62	0.79	86.16	6.53
(0.265, 0.336) GeV/c	0.1	0.0	52.4	4.7	9.4	1.2	27.7	0.6	4.0	0.4	93.5	4.9	0.10	0.01	44.81	3.61	6.50	0.77	51.32	3.69
(0.336, 0.453) GeV/c	0.0	0.0	73.9	6.6	18.3	2.3	10.9	0.2	5.5	0.5	108.7	7.0	0.00	0.00	11.84	0.93	5.97	0.70	17.81	1.16
(0.453, 0.659) GeV/c	0.0	0.0	79.9	7.1	35.2	4.4	0.8	0.0	6.0	0.5	121.8	8.4	0.00	0.00	0.66	0.05	5.21	0.60	5.88	0.60
(0.659, 1.000) GeV/c	0.0	0.0	37.0	3.3	50.4	6.3	0.0	0.0	2.5	0.2	90.0	7.2	0.00	0.00	0.00	0.00	2.91	0.35	2.91	0.35
