Dataset contains 3664 events.
***
pT range		NCohJ 	err 	NIncJ 	err 	NDiss 	err 	NCohP 	err 	NIncP 	err 	sum 	err 	fC 	err 	fD coh	err 	fD inc	err 	fD 	err
(0.000, 2.000) GeV/c	2909.6	58.5	345.0	32.6	200.9	24.9	182.7	3.7	25.9	2.4	3664.0	71.6
(0.200, 2.000) GeV/c	6.3	0.1	275.1	26.0	189.5	23.4	80.1	1.6	20.5	1.9	571.5	35.1	1.36	0.11	17.25	1.35	4.40	0.53	21.65	1.45
(0.200, 1.000) GeV/c	6.3	0.1	272.2	25.8	131.2	16.2	80.1	1.6	20.3	1.9	510.1	30.5	1.56	0.12	19.87	1.55	5.03	0.61	24.89	1.67
(0.200, 0.283) GeV/c	6.3	0.1	55.9	5.3	10.6	1.3	50.5	1.0	4.3	0.4	127.6	5.6	9.43	0.80	75.94	6.40	6.41	0.80	82.35	6.45
(0.283, 0.390) GeV/c	0.0	0.0	71.7	6.8	17.1	2.1	26.6	0.5	5.4	0.5	120.9	7.1	0.02	0.00	29.94	2.47	6.07	0.75	36.01	2.58
(0.390, 0.508) GeV/c	0.0	0.0	60.5	5.7	21.6	2.7	3.0	0.1	4.5	0.4	89.6	6.3	0.00	0.00	3.61	0.29	5.51	0.67	9.12	0.73
(0.508, 0.691) GeV/c	0.0	0.0	55.8	5.3	34.0	4.2	0.0	0.0	4.2	0.4	94.1	6.8	0.00	0.00	0.04	0.00	4.66	0.56	4.70	0.56
(0.691, 1.000) GeV/c	0.0	0.0	28.2	2.7	47.8	5.9	0.0	0.0	1.9	0.2	78.0	6.5	0.00	0.00	0.00	0.00	2.52	0.32	2.52	0.32
