Dataset contains 3664 events.
***
pT range		NCohJ 	err 	NIncJ 	err 	NDiss 	err 	NCohP 	err 	NIncP 	err 	sum 	err 	fC 	err 	fD coh	err 	fD inc	err 	fD 	err
(0.000, 2.000) GeV/c	2908.7	58.5	351.0	32.5	195.4	24.3	182.7	3.7	26.3	2.4	3664.0	71.3
(0.200, 2.000) GeV/c	6.3	0.1	279.9	25.9	184.5	23.0	80.1	1.6	20.8	1.9	571.6	34.7	1.36	0.10	17.25	1.33	4.48	0.53	21.73	1.43
(0.200, 1.000) GeV/c	6.3	0.1	277.0	25.6	125.6	15.6	80.1	1.6	20.6	1.9	509.6	30.1	1.56	0.12	19.90	1.54	5.13	0.61	25.03	1.65
(0.200, 0.283) GeV/c	6.3	0.1	56.9	5.3	10.0	1.2	50.5	1.0	4.3	0.4	128.0	5.5	9.38	0.78	75.55	6.29	6.49	0.80	82.04	6.34
(0.283, 0.390) GeV/c	0.0	0.0	73.0	6.8	16.2	2.0	26.6	0.5	5.5	0.5	121.3	7.1	0.02	0.00	29.83	2.43	6.15	0.75	35.99	2.55
(0.390, 0.508) GeV/c	0.0	0.0	61.6	5.7	20.7	2.6	3.0	0.1	4.6	0.4	89.8	6.3	0.00	0.00	3.60	0.28	5.60	0.67	9.20	0.73
(0.508, 0.691) GeV/c	0.0	0.0	56.8	5.3	32.6	4.1	0.0	0.0	4.3	0.4	93.7	6.7	0.00	0.00	0.04	0.00	4.76	0.56	4.80	0.56
(0.691, 1.000) GeV/c	0.0	0.0	28.7	2.7	46.2	5.8	0.0	0.0	2.0	0.2	76.8	6.3	0.00	0.00	0.00	0.00	2.61	0.33	2.61	0.33
