Dataset contains 3664 events.
***
pT range		NCohJ 	err 	NIncJ 	err 	NDiss 	err 	NCohP 	err 	NIncP 	err 	sum 	err 	fC 	err 	fD coh	err 	fD inc	err 	fD 	err
(0.000, 2.000) GeV/c	2906.9	58.5	367.1	32.1	180.2	22.9	182.6	3.7	27.5	2.4	3664.3	70.6
(0.200, 2.000) GeV/c	6.3	0.1	292.7	25.6	171.4	21.8	80.1	1.6	21.8	1.9	572.2	33.7	1.36	0.10	17.25	1.30	4.69	0.53	21.94	1.40
(0.200, 1.000) GeV/c	6.3	0.1	289.7	25.3	111.2	14.1	80.1	1.6	21.6	1.9	508.8	29.1	1.57	0.12	19.98	1.50	5.39	0.61	25.36	1.62
(0.200, 0.283) GeV/c	6.3	0.1	59.5	5.2	8.4	1.1	50.5	1.0	4.5	0.4	129.2	5.4	9.24	0.75	74.38	6.00	6.69	0.78	81.07	6.05
(0.283, 0.390) GeV/c	0.0	0.0	76.3	6.7	13.7	1.7	26.6	0.5	5.7	0.5	122.3	6.9	0.02	0.00	29.53	2.34	6.38	0.74	35.91	2.45
(0.390, 0.508) GeV/c	0.0	0.0	64.4	5.6	17.6	2.2	3.0	0.1	4.8	0.4	89.8	6.1	0.00	0.00	3.61	0.28	5.87	0.67	9.48	0.73
(0.508, 0.691) GeV/c	0.0	0.0	59.4	5.2	28.8	3.7	0.0	0.0	4.5	0.4	92.7	6.4	0.00	0.00	0.04	0.00	5.05	0.57	5.09	0.57
(0.691, 1.000) GeV/c	0.0	0.0	30.0	2.6	42.7	5.4	0.0	0.0	2.0	0.2	74.8	6.0	0.00	0.00	0.00	0.00	2.81	0.34	2.81	0.34
