Dataset contains 3664 events.
***
pT range		NCohJ 	err 	NIncJ 	err 	NDiss 	err 	NCohP 	err 	NIncP 	err 	sum 	err 	fC 	err 	fD coh	err 	fD inc	err 	fD 	err
(0.000, 2.000) GeV/c	2898.7	58.5	368.3	32.8	187.3	23.7	182.0	3.7	27.6	2.5	3664.0	71.3
(0.200, 2.000) GeV/c	7.8	0.2	293.8	26.1	177.4	22.5	80.0	1.6	21.8	1.9	580.8	34.6	1.65	0.13	16.98	1.29	4.63	0.53	21.60	1.39
(0.200, 1.000) GeV/c	7.8	0.2	290.7	25.9	119.1	15.1	80.0	1.6	21.6	1.9	519.2	30.0	1.89	0.14	19.52	1.48	5.28	0.61	24.80	1.60
(0.200, 0.283) GeV/c	7.7	0.2	59.7	5.3	9.2	1.2	50.0	1.0	4.6	0.4	131.3	5.5	11.21	0.91	72.55	5.91	6.72	0.80	79.26	5.96
(0.283, 0.390) GeV/c	0.0	0.0	76.6	6.8	15.1	1.9	26.8	0.5	5.8	0.5	124.4	7.1	0.04	0.00	29.27	2.34	6.37	0.75	35.64	2.45
(0.390, 0.508) GeV/c	0.0	0.0	64.6	5.8	19.3	2.4	3.1	0.1	4.8	0.4	91.8	6.3	0.00	0.00	3.70	0.29	5.72	0.66	9.43	0.72
(0.508, 0.691) GeV/c	0.0	0.0	59.6	5.3	31.0	3.9	0.1	0.0	4.4	0.4	95.1	6.6	0.00	0.00	0.06	0.00	4.87	0.56	4.93	0.56
(0.691, 1.000) GeV/c	0.0	0.0	30.2	2.7	44.5	5.6	0.0	0.0	2.0	0.2	76.6	6.2	0.00	0.00	0.00	0.00	2.61	0.32	2.61	0.32
