Dataset contains 3664 events.
***
pT range		NCohJ 	err 	NIncJ 	err 	NDiss 	err 	NCohP 	err 	NIncP 	err 	sum 	err 	fC 	err 	fD coh	err 	fD inc	err 	fD 	err
(0.000, 2.000) GeV/c	2901.5	58.5	364.6	32.7	188.3	23.8	182.2	3.7	27.3	2.5	3663.9	71.3
(0.200, 2.000) GeV/c	7.3	0.1	290.8	26.1	178.3	22.5	80.1	1.6	21.6	1.9	578.2	34.5	1.56	0.12	17.07	1.30	4.60	0.53	21.67	1.40
(0.200, 1.000) GeV/c	7.3	0.1	287.8	25.8	119.7	15.1	80.1	1.6	21.4	1.9	516.3	30.0	1.80	0.14	19.65	1.50	5.26	0.61	24.91	1.61
(0.200, 0.283) GeV/c	7.3	0.1	59.1	5.3	9.3	1.2	50.0	1.0	4.6	0.4	130.3	5.5	10.67	0.87	73.20	5.99	6.70	0.80	79.90	6.04
(0.283, 0.390) GeV/c	0.0	0.0	75.8	6.8	15.2	1.9	26.9	0.5	5.8	0.5	123.7	7.1	0.03	0.00	29.52	2.37	6.35	0.75	35.88	2.48
(0.390, 0.508) GeV/c	0.0	0.0	64.0	5.7	19.4	2.4	3.1	0.1	4.8	0.4	91.2	6.2	0.00	0.00	3.73	0.29	5.70	0.67	9.43	0.73
(0.508, 0.691) GeV/c	0.0	0.0	59.1	5.3	31.1	3.9	0.1	0.0	4.4	0.4	94.6	6.6	0.00	0.00	0.06	0.00	4.84	0.56	4.90	0.56
(0.691, 1.000) GeV/c	0.0	0.0	29.9	2.7	44.8	5.7	0.0	0.0	1.9	0.2	76.5	6.3	0.00	0.00	0.00	0.00	2.59	0.32	2.59	0.32
