Dataset contains 3664 events.
***
pT range		NCohJ 	err 	NIncJ 	err 	NDiss 	err 	NCohP 	err 	NIncP 	err 	sum 	err 	fC 	err 	fD coh	err 	fD inc	err 	fD 	err
(0.000, 2.000) GeV/c	2923.2	58.5	336.5	31.9	195.8	24.3	183.6	3.7	25.2	2.4	3664.3	71.0
(0.200, 2.000) GeV/c	9.1	0.2	268.4	25.4	185.4	23.0	80.7	1.6	19.9	1.9	563.5	34.4	2.01	0.16	17.78	1.39	4.39	0.53	22.17	1.49
(0.200, 1.000) GeV/c	9.1	0.2	265.6	25.2	124.5	15.4	80.7	1.6	19.8	1.9	499.6	29.6	2.34	0.18	20.68	1.62	5.07	0.61	25.75	1.73
(0.200, 0.283) GeV/c	9.1	0.2	54.5	5.2	9.6	1.2	50.4	1.0	4.2	0.4	127.9	5.4	14.15	1.20	78.57	6.68	6.59	0.83	85.16	6.73
(0.283, 0.390) GeV/c	0.0	0.0	69.9	6.6	15.8	2.0	27.1	0.5	5.3	0.5	118.2	7.0	0.05	0.00	31.57	2.62	6.22	0.77	37.79	2.73
(0.390, 0.572) GeV/c	0.0	0.0	83.3	7.9	31.5	3.9	3.2	0.1	6.2	0.6	124.2	8.8	0.00	0.00	2.77	0.22	5.40	0.66	8.17	0.69
(0.572, 1.000) GeV/c	0.0	0.0	57.8	5.5	67.5	8.4	0.0	0.0	4.0	0.4	129.3	10.0	0.00	0.00	0.00	0.00	3.19	0.40	3.19	0.40
