Dataset contains 3664 events.
***
pT range		NCohJ 	err 	NIncJ 	err 	NDiss 	err 	NCohP 	err 	NIncP 	err 	sum 	err 	fC 	err 	fD coh	err 	fD inc	err 	fD 	err
(0.000, 2.000) GeV/c	2895.7	58.5	372.2	32.9	186.3	23.7	181.8	3.7	27.9	2.5	3664.0	71.3
(0.200, 2.000) GeV/c	8.2	0.2	296.9	26.2	176.5	22.4	79.9	1.6	22.0	1.9	583.5	34.6	1.73	0.13	16.88	1.28	4.65	0.53	21.54	1.38
(0.200, 1.000) GeV/c	8.2	0.2	293.8	25.9	118.5	15.0	79.9	1.6	21.9	1.9	522.2	30.1	1.99	0.15	19.39	1.46	5.30	0.61	24.69	1.58
(0.200, 0.283) GeV/c	8.1	0.2	60.3	5.3	9.2	1.2	49.9	1.0	4.7	0.4	132.3	5.6	11.72	0.95	71.86	5.82	6.73	0.80	78.59	5.88
(0.283, 0.390) GeV/c	0.0	0.0	77.4	6.8	15.0	1.9	26.8	0.5	5.9	0.5	125.2	7.1	0.04	0.00	29.01	2.30	6.39	0.75	35.40	2.42
(0.390, 0.572) GeV/c	0.0	0.0	92.2	8.1	30.0	3.8	3.2	0.1	6.9	0.6	132.2	9.0	0.00	0.00	2.58	0.20	5.61	0.65	8.20	0.67
(0.572, 1.000) GeV/c	0.0	0.0	63.9	5.6	64.3	8.2	0.0	0.0	4.4	0.4	132.6	9.9	0.00	0.00	0.00	0.00	3.45	0.41	3.45	0.41
