Dataset contains 3664 events.
***
pT range		NCohJ 	err 	NIncJ 	err 	NDiss 	err 	NCohP 	err 	NIncP 	err 	sum 	err 	fC 	err 	fD coh	err 	fD inc	err 	fD 	err
(0.000, 2.000) GeV/c	2919.6	58.5	341.2	32.0	194.5	24.2	183.4	3.7	25.6	2.4	3664.3	71.1
(0.200, 2.000) GeV/c	7.2	0.1	272.2	25.5	184.2	22.9	80.6	1.6	20.2	1.9	564.3	34.4	1.57	0.12	17.66	1.37	4.43	0.53	22.08	1.47
(0.200, 1.000) GeV/c	7.2	0.1	269.3	25.3	123.6	15.4	80.6	1.6	20.0	1.9	500.7	29.7	1.82	0.14	20.51	1.60	5.10	0.61	25.61	1.71
(0.200, 0.283) GeV/c	7.1	0.1	55.3	5.2	9.6	1.2	50.4	1.0	4.3	0.4	126.7	5.4	11.00	0.93	77.62	6.56	6.61	0.82	84.23	6.61
(0.283, 0.390) GeV/c	0.0	0.0	70.9	6.7	15.7	2.0	27.0	0.5	5.4	0.5	119.1	7.0	0.03	0.00	31.21	2.58	6.24	0.77	37.45	2.69
(0.390, 0.572) GeV/c	0.0	0.0	84.5	7.9	31.3	3.9	3.2	0.1	6.3	0.6	125.2	8.9	0.00	0.00	2.75	0.22	5.43	0.66	8.18	0.69
(0.572, 1.000) GeV/c	0.0	0.0	58.6	5.5	67.1	8.3	0.0	0.0	4.1	0.4	129.7	10.0	0.00	0.00	0.00	0.00	3.23	0.40	3.23	0.40
