Dataset contains 3664 events.
***
pT range		NCohJ 	err 	NIncJ 	err 	NDiss 	err 	NCohP 	err 	NIncP 	err 	sum 	err 	fC 	err 	fD coh	err 	fD inc	err 	fD 	err
(0.000, 2.000) GeV/c	2917.8	58.5	343.7	32.1	193.8	24.1	183.2	3.7	25.8	2.4	3664.3	71.1
(0.200, 2.000) GeV/c	6.5	0.1	274.2	25.6	183.5	22.9	80.5	1.6	20.3	1.9	565.1	34.4	1.43	0.11	17.59	1.37	4.44	0.53	22.04	1.47
(0.200, 1.000) GeV/c	6.5	0.1	271.3	25.3	123.2	15.3	80.5	1.6	20.2	1.9	501.7	29.7	1.65	0.13	20.41	1.59	5.12	0.61	25.53	1.70
(0.200, 0.283) GeV/c	6.5	0.1	55.7	5.2	9.6	1.2	50.3	1.0	4.3	0.4	126.4	5.4	9.97	0.84	77.13	6.49	6.62	0.82	83.75	6.54
(0.283, 0.390) GeV/c	0.0	0.0	71.5	6.7	15.6	1.9	27.0	0.5	5.4	0.5	119.6	7.0	0.02	0.00	31.02	2.55	6.26	0.77	37.28	2.67
(0.390, 0.572) GeV/c	0.0	0.0	85.1	7.9	31.2	3.9	3.2	0.1	6.3	0.6	125.8	8.9	0.00	0.00	2.73	0.22	5.44	0.66	8.18	0.69
(0.572, 1.000) GeV/c	0.0	0.0	59.0	5.5	66.8	8.3	0.0	0.0	4.1	0.4	129.9	10.0	0.00	0.00	0.00	0.00	3.25	0.40	3.25	0.40
