Dataset contains 3664 events.
***
pT range		NCohJ 	err 	NIncJ 	err 	NDiss 	err 	NCohP 	err 	NIncP 	err 	sum 	err 	fC 	err 	fD coh	err 	fD inc	err 	fD 	err
(0.000, 2.000) GeV/c	2915.8	58.5	346.3	32.2	193.1	24.1	183.1	3.7	26.0	2.4	3664.3	71.1
(0.200, 2.000) GeV/c	6.2	0.1	276.2	25.7	182.9	22.8	80.5	1.6	20.5	1.9	566.2	34.4	1.35	0.10	17.53	1.36	4.46	0.53	21.99	1.46
(0.200, 1.000) GeV/c	6.2	0.1	273.3	25.4	122.8	15.3	80.5	1.6	20.3	1.9	503.0	29.8	1.56	0.12	20.32	1.57	5.13	0.61	25.45	1.69
(0.200, 0.283) GeV/c	6.2	0.1	56.1	5.2	9.5	1.2	50.3	1.0	4.4	0.4	126.4	5.5	9.39	0.79	76.63	6.43	6.63	0.82	83.26	6.48
(0.283, 0.390) GeV/c	0.0	0.0	72.0	6.7	15.6	1.9	27.0	0.5	5.5	0.5	120.1	7.0	0.02	0.00	30.83	2.53	6.27	0.77	37.10	2.64
(0.390, 0.572) GeV/c	0.0	0.0	85.7	8.0	31.1	3.9	3.2	0.1	6.4	0.6	126.4	8.9	0.00	0.00	2.72	0.21	5.46	0.65	8.18	0.69
(0.572, 1.000) GeV/c	0.0	0.0	59.5	5.5	66.6	8.3	0.0	0.0	4.1	0.4	130.2	10.0	0.00	0.00	0.00	0.00	3.26	0.40	3.27	0.40
