Dataset contains 3664 events.
***
pT range		NCohJ 	err 	NIncJ 	err 	NDiss 	err 	NCohP 	err 	NIncP 	err 	sum 	err 	fC 	err 	fD coh	err 	fD inc	err 	fD 	err
(0.000, 2.000) GeV/c	2904.1	58.5	361.1	32.6	189.2	23.8	182.4	3.7	27.1	2.4	3663.9	71.2
(0.200, 2.000) GeV/c	6.9	0.1	288.0	26.0	179.2	22.6	80.1	1.6	21.4	1.9	575.7	34.5	1.48	0.11	17.15	1.31	4.57	0.53	21.73	1.41
(0.200, 1.000) GeV/c	6.9	0.1	285.0	25.7	120.3	15.2	80.1	1.6	21.2	1.9	513.6	30.0	1.71	0.13	19.78	1.51	5.23	0.61	25.01	1.63
(0.200, 0.283) GeV/c	6.9	0.1	58.5	5.3	9.3	1.2	50.1	1.0	4.5	0.4	129.4	5.5	10.15	0.83	73.83	6.07	6.69	0.81	80.52	6.12
(0.283, 0.390) GeV/c	0.0	0.0	75.1	6.8	15.3	1.9	26.9	0.5	5.7	0.5	123.0	7.1	0.03	0.00	29.76	2.40	6.34	0.76	36.10	2.51
(0.390, 0.572) GeV/c	0.0	0.0	89.4	8.1	30.5	3.8	3.2	0.1	6.7	0.6	129.7	9.0	0.00	0.00	2.64	0.20	5.55	0.65	8.19	0.68
(0.572, 1.000) GeV/c	0.0	0.0	62.0	5.6	65.2	8.2	0.0	0.0	4.3	0.4	131.5	10.0	0.00	0.00	0.00	0.00	3.37	0.40	3.38	0.40
