Dataset contains 3664 events.
***
pT range		NCohJ 	err 	NIncJ 	err 	NDiss 	err 	NCohP 	err 	NIncP 	err 	sum 	err 	fC 	err 	fD coh	err 	fD inc	err 	fD 	err
(0.000, 2.000) GeV/c	2909.4	58.5	354.8	32.4	190.8	23.9	182.7	3.7	26.6	2.4	3664.3	71.2
(0.200, 2.000) GeV/c	6.2	0.1	283.0	25.9	180.7	22.7	80.3	1.6	21.0	1.9	571.2	34.5	1.34	0.10	17.32	1.33	4.53	0.53	21.84	1.43
(0.200, 1.000) GeV/c	6.2	0.1	280.0	25.6	121.3	15.2	80.3	1.6	20.8	1.9	508.7	29.9	1.55	0.12	20.01	1.54	5.19	0.61	25.20	1.65
(0.200, 0.283) GeV/c	6.2	0.1	57.5	5.3	9.4	1.2	50.2	1.0	4.5	0.4	127.7	5.5	9.25	0.77	75.01	6.22	6.67	0.81	81.68	6.27
(0.283, 0.390) GeV/c	0.0	0.0	73.8	6.7	15.4	1.9	26.9	0.5	5.6	0.5	121.7	7.0	0.02	0.00	30.21	2.45	6.31	0.76	36.52	2.57
(0.390, 0.572) GeV/c	0.0	0.0	87.8	8.0	30.7	3.9	3.2	0.1	6.5	0.6	128.3	8.9	0.00	0.00	2.67	0.21	5.51	0.65	8.19	0.68
(0.572, 1.000) GeV/c	0.0	0.0	60.9	5.6	65.8	8.3	0.0	0.0	4.2	0.4	130.9	10.0	0.00	0.00	0.00	0.00	3.33	0.40	3.33	0.40
