Dataset contains 3664 events.
***
pT range		NCohJ 	err 	NIncJ 	err 	NDiss 	err 	NCohP 	err 	NIncP 	err 	sum 	err 	fC 	err 	fD coh	err 	fD inc	err 	fD 	err
(0.000, 2.000) GeV/c	2921.4	58.5	338.8	31.9	195.1	24.2	183.5	3.7	25.4	2.4	3664.3	71.0
(0.200, 2.000) GeV/c	8.0	0.2	270.2	25.5	184.8	22.9	80.6	1.6	20.1	1.9	563.7	34.4	1.76	0.14	17.72	1.38	4.41	0.53	22.13	1.48
(0.200, 1.000) GeV/c	8.0	0.2	267.4	25.2	124.1	15.4	80.6	1.6	19.9	1.9	500.0	29.6	2.05	0.16	20.60	1.61	5.08	0.61	25.68	1.72
(0.200, 0.283) GeV/c	8.0	0.2	54.9	5.2	9.6	1.2	50.4	1.0	4.3	0.4	127.2	5.4	12.38	1.05	78.10	6.62	6.60	0.83	84.70	6.67
(0.283, 0.390) GeV/c	0.0	0.0	70.4	6.6	15.7	2.0	27.1	0.5	5.4	0.5	118.6	7.0	0.04	0.00	31.39	2.60	6.23	0.77	37.62	2.71
(0.390, 0.572) GeV/c	0.0	0.0	83.9	7.9	31.4	3.9	3.2	0.1	6.2	0.6	124.7	8.8	0.00	0.00	2.76	0.22	5.41	0.66	8.17	0.69
(0.572, 1.000) GeV/c	0.0	0.0	58.2	5.5	67.3	8.4	0.0	0.0	4.0	0.4	129.5	10.0	0.00	0.00	0.00	0.00	3.21	0.40	3.21	0.40
