Dataset contains 3737 events.
***
pT range		NCohJ 	err 	NIncJ 	err 	NDiss 	err 	NCohP 	err 	NIncP 	err 	sum 	err 	fC 	err 	fD coh	err 	fD inc	err 	fD 	err
(0.000, 2.000) GeV/c	2923.2	58.8	399.5	33.4	181.1	23.3	205.7	4.1	29.4	2.5	3738.9	71.7
(0.200, 2.000) GeV/c	0.1	0.0	318.5	26.7	171.6	22.0	90.4	1.8	23.2	1.9	603.8	34.7	0.01	0.00	18.45	1.35	4.74	0.52	23.19	1.45
(0.200, 1.000) GeV/c	0.0	0.0	315.1	26.4	115.2	14.8	90.4	1.8	23.1	1.9	543.8	30.4	0.01	0.00	21.01	1.54	5.36	0.59	26.37	1.64
(0.200, 0.282) GeV/c	0.0	0.0	63.8	5.3	8.8	1.1	56.0	1.1	4.9	0.4	133.6	5.6	0.02	0.00	77.19	6.01	6.74	0.76	83.93	6.05
(0.282, 0.382) GeV/c	0.0	0.0	78.2	6.5	13.6	1.7	30.0	0.6	5.8	0.5	127.5	6.8	0.00	0.00	32.65	2.50	6.36	0.71	39.02	2.60
(0.382, 0.571) GeV/c	0.0	0.0	104.2	8.7	30.2	3.9	4.4	0.1	7.6	0.6	146.4	9.6	0.00	0.00	3.27	0.24	5.67	0.62	8.95	0.67
(0.571, 1.000) GeV/c	0.0	0.0	69.0	5.8	62.6	8.0	0.0	0.0	4.7	0.4	136.3	9.9	0.00	0.00	0.00	0.00	3.57	0.40	3.57	0.40
