Dataset contains 3737 events.
***
pT range		NCohJ 	err 	NIncJ 	err 	NDiss 	err 	NCohP 	err 	NIncP 	err 	sum 	err 	fC 	err 	fD coh	err 	fD inc	err 	fD 	err
(0.000, 2.000) GeV/c	2972.9	58.8	332.3	32.0	198.3	24.3	209.3	4.1	24.5	2.4	3737.3	71.4
(0.200, 2.000) GeV/c	9.0	0.2	264.9	25.5	187.8	23.0	92.0	1.8	19.3	1.9	573.1	34.4	1.99	0.16	20.32	1.59	4.27	0.52	24.58	1.68
(0.200, 1.000) GeV/c	9.0	0.2	262.1	25.2	126.1	15.4	92.0	1.8	19.2	1.8	508.4	29.7	2.32	0.18	23.69	1.87	4.94	0.61	28.63	1.96
(0.200, 0.282) GeV/c	9.0	0.2	53.1	5.1	9.6	1.2	57.0	1.1	4.1	0.4	132.8	5.4	14.28	1.23	90.94	7.81	6.49	0.83	97.43	7.85
(0.282, 0.382) GeV/c	0.0	0.0	65.0	6.3	14.8	1.8	30.5	0.6	4.9	0.5	115.3	6.6	0.05	0.00	38.16	3.20	6.08	0.77	44.24	3.29
(0.382, 0.571) GeV/c	0.0	0.0	86.7	8.3	33.0	4.0	4.5	0.1	6.3	0.6	130.5	9.3	0.00	0.00	3.74	0.30	5.30	0.65	9.03	0.72
(0.571, 1.000) GeV/c	0.0	0.0	57.4	5.5	68.6	8.4	0.0	0.0	3.9	0.4	129.9	10.1	0.00	0.00	0.00	0.00	3.10	0.39	3.11	0.39
