Dataset contains 3737 events.
***
pT range		NCohJ 	err 	NIncJ 	err 	NDiss 	err 	NCohP 	err 	NIncP 	err 	sum 	err 	fC 	err 	fD coh	err 	fD inc	err 	fD 	err
(0.000, 2.000) GeV/c	2942.0	58.9	373.9	33.5	186.7	23.6	207.1	4.1	27.6	2.5	3737.3	72.0
(0.200, 2.000) GeV/c	12.8	0.3	298.1	26.7	176.8	22.4	91.0	1.8	21.7	1.9	600.5	34.9	2.70	0.21	19.17	1.46	4.58	0.53	23.75	1.55
(0.200, 1.000) GeV/c	18.1	0.4	295.0	26.4	118.7	15.0	91.0	1.8	21.6	1.9	544.3	30.5	4.36	0.33	22.01	1.68	5.22	0.60	27.22	1.78
(0.200, 0.282) GeV/c	9.0	0.2	59.7	5.3	9.1	1.1	56.4	1.1	4.6	0.4	138.8	5.6	13.12	1.08	82.04	6.73	6.66	0.80	88.70	6.77
(0.282, 0.382) GeV/c	2.9	0.1	73.2	6.6	14.0	1.8	30.2	0.6	5.5	0.5	125.7	6.8	3.37	0.27	34.61	2.78	6.27	0.74	40.88	2.88
(0.382, 0.571) GeV/c	0.7	0.0	97.5	8.7	31.1	3.9	4.4	0.1	7.1	0.6	140.9	9.6	0.58	0.04	3.44	0.27	5.55	0.65	8.99	0.70
(0.571, 1.000) GeV/c	0.1	0.0	64.6	5.8	64.6	8.2	0.0	0.0	4.4	0.4	133.6	10.0	0.08	0.01	0.00	0.00	3.40	0.40	3.41	0.40
