Dataset contains 3737 events.
***
pT range		NCohJ 	err 	NIncJ 	err 	NDiss 	err 	NCohP 	err 	NIncP 	err 	sum 	err 	fC 	err 	fD coh	err 	fD inc	err 	fD 	err
(0.000, 2.000) GeV/c	2958.6	58.9	351.5	32.5	193.0	24.0	208.3	4.1	25.9	2.4	3737.3	71.6
(0.200, 2.000) GeV/c	6.6	0.1	280.2	25.9	182.8	22.7	91.3	1.8	20.5	1.9	581.3	34.6	1.42	0.11	19.73	1.52	4.42	0.53	24.15	1.61
(0.200, 1.000) GeV/c	6.6	0.1	277.2	25.7	122.7	15.2	91.3	1.8	20.3	1.9	518.1	30.0	1.64	0.13	22.83	1.76	5.08	0.60	27.91	1.86
(0.200, 0.282) GeV/c	6.5	0.1	56.1	5.2	9.4	1.2	57.1	1.1	4.2	0.4	133.3	5.5	9.97	0.83	87.16	7.29	6.45	0.79	93.60	7.33
(0.282, 0.382) GeV/c	0.0	0.0	68.8	6.4	14.5	1.8	29.9	0.6	5.1	0.5	118.3	6.7	0.03	0.00	35.92	2.94	6.08	0.74	42.01	3.03
(0.382, 0.571) GeV/c	0.0	0.0	91.6	8.5	32.2	4.0	4.3	0.1	6.7	0.6	134.9	9.4	0.00	0.00	3.49	0.27	5.45	0.65	8.94	0.71
(0.571, 1.000) GeV/c	0.0	0.0	60.6	5.6	66.7	8.3	0.0	0.0	4.3	0.4	131.6	10.0	0.00	0.00	0.00	0.00	3.35	0.41	3.35	0.41
