Dataset contains 3737 events.
***
pT range		NCohJ 	err 	NIncJ 	err 	NDiss 	err 	NCohP 	err 	NIncP 	err 	sum 	err 	fC 	err 	fD coh	err 	fD inc	err 	fD 	err
(0.000, 2.000) GeV/c	2964.6	58.9	343.5	32.4	195.1	24.1	208.7	4.1	25.3	2.4	3737.3	71.6
(0.200, 2.000) GeV/c	9.1	0.2	273.8	25.8	184.8	22.8	91.5	1.8	20.0	1.9	579.2	34.6	1.97	0.15	19.95	1.55	4.36	0.53	24.32	1.64
(0.200, 1.000) GeV/c	9.1	0.2	270.9	25.6	124.1	15.3	91.5	1.8	19.8	1.9	515.4	29.9	2.29	0.18	23.17	1.81	5.02	0.61	28.19	1.91
(0.200, 0.282) GeV/c	9.0	0.2	54.8	5.2	9.5	1.2	57.2	1.1	4.1	0.4	134.7	5.4	14.01	1.19	88.92	7.54	6.42	0.80	95.34	7.59
(0.282, 0.382) GeV/c	0.0	0.0	67.3	6.3	14.6	1.8	30.0	0.6	5.0	0.5	116.8	6.6	0.05	0.00	36.61	3.04	6.05	0.75	42.66	3.13
(0.382, 0.571) GeV/c	0.0	0.0	89.6	8.4	32.5	4.0	4.3	0.1	6.6	0.6	133.0	9.4	0.00	0.00	3.55	0.28	5.40	0.66	8.95	0.71
(0.571, 1.000) GeV/c	0.0	0.0	59.3	5.6	67.5	8.3	0.0	0.0	4.2	0.4	130.9	10.0	0.00	0.00	0.00	0.00	3.29	0.41	3.29	0.41
