0.916	3.055	0	0	-0.01	0.14
0.625	3.080	0	1	0.06	0.67
0.322	3.132	1	0	5.70	-0.18
0.333	3.065	1	1	3.81	6.00
0.272	3.093	0	0	0.06	0.24
0.473	3.078	0	1	-0.01	3.85
0.731	3.110	1	1	2.90	0.90
0.241	3.094	1	1	3.52	1.04
0.431	3.112	1	1	2.86	5.21
0.539	3.009	1	0	1.81	-0.05
0.324	3.117	0	1	-0.02	8.85
0.435	3.104	0	0	0.10	0.20
0.924	3.100	1	0	5.47	-0.09
0.840	3.097	1	1	8.42	7.47
0.635	3.102	1	0	30.21	-0.02
0.712	3.112	1	1	14.70	1.63
0.283	3.096	1	0	16.41	0.16
0.918	3.103	0	0	-0.01	0.06
0.321	3.090	1	0	8.23	0.05
0.685	3.040	1	0	28.27	0.01
0.335	3.151	0	0	-0.10	-0.01
0.556	3.080	0	1	0.05	10.05
0.291	3.077	0	0	-0.02	0.09
0.491	3.094	0	1	0.09	1.95
0.772	3.078	0	0	0.06	-0.06
0.212	3.082	1	1	1.01	0.80
0.731	3.084	1	0	10.16	0.08
0.440	3.035	0	0	-0.13	-0.21
0.395	3.106	0	0	0.06	-0.01
0.559	3.007	0	0	0.07	0.01
0.447	3.188	0	0	0.10	-0.37
0.716	3.082	0	1	0.02	1.90
0.937	3.112	0	1	0.03	36.31
0.210	3.115	1	1	2.19	30.75
0.473	3.068	0	1	-0.12	12.93
0.295	3.092	1	1	2.90	0.66
0.819	3.114	1	0	1.35	0.36
0.397	3.142	0	1	-0.12	3.17
0.215	3.108	0	1	0.03	6.85
0.325	3.060	1	0	3.92	0.18
0.461	3.067	1	0	1.83	-0.18
0.296	3.120	0	1	-0.06	5.22
0.289	3.108	1	0	0.78	-0.12
0.212	3.012	0	0	-0.09	0.02
0.215	3.001	1	0	1.12	-0.12
0.436	3.105	0	1	0.02	1.40
0.503	3.014	0	0	0.17	0.06
0.304	3.084	0	0	0.13	0.04
0.263	3.063	1	0	1.08	-0.04
0.228	3.098	0	1	0.17	1.84
0.322	3.019	0	1	0.02	11.31
0.653	3.142	1	0	1.57	0.01
0.340	3.120	1	1	4.38	0.80
0.552	3.075	0	1	0.20	1.46
0.550	3.109	1	0	33.20	-0.17
0.862	3.113	0	1	-0.10	21.75
0.926	3.112	0	1	-0.06	10.27
0.503	3.095	0	0	-0.10	0.08
0.502	3.124	1	0	4.31	-0.09
0.255	3.137	1	0	19.57	0.39
0.546	3.092	1	1	4.46	1.12
0.236	3.105	0	0	-0.02	0.19
0.322	3.095	0	1	-0.14	4.40
0.494	3.088	0	1	0.13	21.81
0.475	3.029	0	1	0.13	4.92
0.405	3.100	0	1	-0.02	6.20
0.667	3.173	1	0	10.38	-0.02
0.269	3.029	1	1	9.13	22.64
0.927	3.105	0	1	-0.10	16.55
0.890	3.135	1	1	8.41	0.61
0.276	3.105	1	0	9.09	-0.02
0.535	3.089	1	0	23.04	0.09
0.346	3.117	1	0	3.78	0.10
0.398	3.098	0	0	-0.06	0.48
0.217	3.073	1	0	0.90	-0.06
0.380	3.142	1	0	25.53	0.05
0.384	3.123	0	1	-0.06	17.32
0.427	3.084	1	1	17.82	1.34
0.846	3.110	0	1	-0.02	22.97
0.416	3.119	0	0	0.05	0.05
0.500	3.004	0	1	0.02	4.50
0.310	3.090	0	0	-0.06	0.05
0.292	3.062	0	1	-0.02	9.78
0.245	3.142	1	0	4.27	0.06
0.517	3.096	0	1	-0.05	2.98
0.292	3.042	0	0	-0.06	0.14
0.670	3.094	0	0	-0.06	0.08
0.825	3.182	0	0	0.10	-0.04
0.616	3.109	0	1	-0.14	2.66
0.272	3.074	0	1	0.02	29.03
0.240	3.128	0	0	-0.09	-0.00
0.215	3.120	0	1	-0.17	5.38
0.515	3.078	1	0	7.58	0.07
0.543	3.081	0	1	-0.06	4.68
0.326	3.091	1	0	7.15	0.06
0.201	3.100	1	0	4.12	-0.05
0.265	3.121	0	0	-0.06	0.00
0.259	3.073	0	0	-0.10	-0.18
0.739	3.094	0	1	-0.04	5.69
0.581	3.113	1	0	1.11	-0.05
0.436	3.128	1	0	1.11	0.04
0.495	3.015	1	0	2.53	-0.32
0.272	3.135	1	0	0.95	0.04
0.423	3.104	1	0	0.72	0.18
0.824	3.057	0	0	0.03	-0.18
0.396	3.084	1	0	7.44	-0.06
0.666	3.137	1	0	0.88	-0.12
0.304	3.084	0	0	0.06	-0.17
0.369	3.120	0	1	-0.14	6.60
0.303	3.120	0	1	-0.06	20.73
0.494	3.003	0	1	-0.01	1.31
0.875	3.096	0	1	0.03	26.03
0.259	3.121	0	1	0.07	4.91
0.724	3.109	1	0	18.75	-0.12
0.647	3.022	0	1	-0.09	4.14
0.792	3.125	0	1	0.10	32.72
0.564	3.109	1	0	19.17	-0.12
0.206	3.064	1	1	2.79	3.92
0.406	3.098	1	1	4.75	1.96
0.364	3.099	0	1	-0.01	3.80
0.618	3.088	1	0	0.64	0.12
0.658	3.113	1	1	13.11	0.70
0.336	3.080	1	0	0.83	-0.06
0.470	3.122	0	1	-0.01	2.84
0.878	3.137	1	0	23.59	0.04
0.859	3.105	0	0	-0.12	0.09
0.220	3.117	1	0	4.06	0.01
0.955	3.066	0	1	0.03	23.49
0.808	3.191	1	0	4.86	-0.10
0.601	3.181	0	0	0.11	-0.14
0.483	3.119	0	1	-0.16	0.76
0.964	3.116	0	0	-0.02	-0.22
0.418	3.134	0	1	-0.17	7.66
0.704	3.099	1	1	21.77	14.13
0.670	3.081	0	1	-0.13	9.48
0.741	3.004	0	0	-0.05	-0.14
0.235	3.077	0	1	0.02	4.82
0.256	3.076	1	0	6.08	-0.18
0.444	3.179	1	0	2.44	0.58
0.740	3.134	0	1	-0.05	2.09
0.315	3.106	0	1	-0.13	1.10
0.208	3.123	0	1	0.05	23.79
0.508	3.054	1	0	25.12	-0.20
0.354	3.084	0	1	0.02	32.91
0.775	3.132	0	1	-0.02	12.42
0.369	3.129	0	0	-0.02	-0.41
0.271	3.127	0	1	0.13	0.86
0.372	3.118	0	0	0.05	-0.03
0.866	3.104	1	0	2.06	0.16
0.919	3.072	0	1	-0.05	14.20
0.416	3.019	0	0	-0.05	0.06
0.957	3.041	1	0	9.69	0.19
0.498	3.027	0	1	0.07	1.04
0.254	3.106	0	0	-0.05	0.15
0.441	3.107	0	0	-0.21	0.21
0.266	3.096	0	0	0.07	0.19
0.451	3.091	0	1	0.07	10.08
0.436	3.075	0	0	-0.01	0.10
0.518	3.085	0	0	0.07	0.00
0.399	3.073	0	1	-0.01	2.62
0.904	3.129	0	0	0.14	0.08
0.752	3.099	1	0	1.12	-0.10
0.896	3.140	0	1	-0.01	1.78
0.328	3.032	0	0	0.26	0.06
0.375	3.139	0	0	0.11	-0.14
0.221	3.043	1	1	2.24	1.13
0.373	3.113	0	0	0.07	0.13
0.399	3.106	1	0	3.91	0.15
0.297	3.078	0	1	0.03	18.64
0.352	3.093	1	0	7.61	-0.02
0.475	3.099	0	1	-0.01	10.96
0.253	3.087	0	0	0.03	-0.26
0.449	3.026	1	1	41.29	18.56
0.694	3.115	0	1	0.03	21.42
0.277	3.113	0	0	0.11	0.04
0.284	3.059	0	1	0.11	1.09
0.381	3.120	0	0	-0.17	-0.14
0.643	3.198	1	0	17.59	0.08
0.709	3.060	0	1	1.00	3.21
0.599	3.122	1	1	0.80	1.10
0.580	3.098	1	0	26.23	0.08
0.223	3.099	0	0	-0.09	-0.06
0.271	3.099	1	1	17.03	13.89
0.367	3.152	0	0	-0.00	0.08
0.335	3.112	0	1	-0.13	8.22
0.284	3.150	0	0	0.08	0.11
0.506	3.181	1	1	8.75	16.74
0.391	3.083	1	0	5.71	0.13
0.292	3.100	1	0	0.88	-0.13
0.331	3.116	1	0	8.38	-0.04
0.304	3.081	1	0	3.13	-0.04
0.498	3.167	1	1	21.75	2.70
0.270	3.010	1	1	13.94	14.90
0.520	3.044	1	0	4.93	0.02
0.202	3.023	1	0	0.92	-0.10
0.789	3.116	1	0	19.26	-0.10
0.672	3.080	0	1	-0.01	0.70
0.787	3.081	1	0	18.21	0.04
0.729	3.094	1	0	10.64	-0.02
0.304	3.153	1	1	1.82	1.17
0.306	3.038	0	0	-0.01	0.04
0.540	3.132	0	1	0.03	5.50
0.460	3.103	1	0	0.62	0.13
0.706	3.117	0	1	0.03	15.93
0.536	3.095	0	1	0.07	8.61
0.453	3.020	1	0	2.56	0.05
0.294	3.107	0	0	-0.01	0.05
0.372	3.138	0	0	-0.01	0.00
0.571	3.138	0	1	-0.13	8.19
0.327	3.130	0	0	-0.09	0.13
0.615	3.120	1	0	2.75	-0.22
0.349	3.095	1	0	18.92	-0.14
0.582	3.059	0	0	0.03	-0.06
0.624	3.118	1	0	1.97	-0.16
0.227	3.081	0	0	0.03	0.04
0.250	3.138	0	0	-0.01	0.19
0.988	3.196	1	0	18.68	-0.04
0.785	3.017	1	0	33.60	0.06
0.397	3.096	1	1	10.44	5.48
0.678	3.082	0	1	0.07	10.10
0.526	3.162	0	0	-0.05	-0.02
0.831	3.104	1	0	24.04	-0.16
0.221	3.098	0	1	-0.01	2.86
0.281	3.077	0	0	-0.09	0.04
0.253	3.091	1	0	5.74	0.10
0.650	3.113	1	0	10.05	0.00
0.310	3.087	1	0	5.90	-0.06
0.897	3.095	0	1	0.07	16.80
0.727	3.127	0	1	0.07	4.40
0.256	3.107	1	0	14.76	0.10
0.496	3.075	1	0	0.77	0.10
0.484	3.079	0	1	-0.01	1.00
0.248	3.153	0	0	-0.05	0.21
0.359	3.080	1	0	3.41	-0.16
0.287	3.097	0	0	-0.09	0.04
0.428	3.176	1	0	3.06	0.11
0.281	3.128	1	1	0.92	16.13
0.238	3.052	0	0	-0.05	0.37
0.280	3.144	1	1	0.96	3.46
0.405	3.042	1	1	2.63	2.76
0.323	3.104	1	0	4.42	0.04
0.375	3.084	0	0	0.11	0.11
0.246	3.130	1	0	3.72	0.02
0.718	3.104	1	0	5.31	-0.38
0.277	3.089	0	0	-0.13	-0.10
0.894	3.047	0	0	0.15	0.37
0.681	3.108	0	1	0.11	13.68
0.319	3.131	0	0	-0.20	-0.16
0.440	3.133	0	1	-0.09	10.49
0.776	3.027	0	1	-0.17	3.09
0.453	3.130	1	0	3.29	0.07
0.290	3.094	0	0	0.26	-0.08
0.515	3.105	0	1	0.14	2.72
0.401	3.119	1	1	4.60	0.91
0.289	3.098	0	1	-0.05	3.37
0.453	3.127	0	1	-0.27	5.40
0.279	3.133	0	1	0.06	1.04
0.671	3.131	1	0	18.37	-0.02
0.253	3.122	0	0	0.06	-0.04
0.724	3.128	0	1	-0.01	29.13
0.569	3.111	0	1	0.03	4.83
0.416	3.131	0	1	-0.05	1.74
0.824	3.075	1	1	0.86	2.26
0.659	3.128	1	0	32.17	0.00
0.222	3.114	0	1	-0.12	5.03
0.499	3.122	0	1	-0.01	4.52
0.435	3.110	0	1	0.06	16.31
0.742	3.103	0	1	-0.06	31.80
0.338	3.069	0	1	0.06	3.93
0.287	3.104	1	0	1.23	-0.01
0.397	3.121	1	1	5.09	0.91
0.439	3.123	0	0	0.07	-0.02
0.282	3.143	0	1	-0.09	12.37
0.825	3.107	1	0	25.73	-0.08
0.335	3.086	0	1	-0.16	0.54
0.589	3.020	1	0	1.84	-0.08
0.485	3.132	1	0	8.72	0.43
0.922	3.073	0	1	-0.01	0.71
0.632	3.080	0	1	0.07	14.18
0.253	3.107	0	0	0.14	0.19
0.545	3.084	1	0	7.70	-0.02
0.487	3.096	1	1	1.96	14.05
0.287	3.093	0	1	0.07	0.81
0.400	3.085	1	0	7.27	0.32
0.213	3.108	0	1	0.01	0.98
0.633	3.130	1	0	6.75	-0.07
0.568	3.143	1	0	2.06	0.13
0.306	3.081	0	0	-0.10	-0.03
0.245	3.125	1	0	6.18	-0.27
0.392	3.061	0	0	-0.26	0.29
0.989	3.087	0	1	-0.02	25.15
0.502	3.116	1	1	11.36	34.57
0.949	3.096	1	0	22.71	-0.17
0.608	3.100	1	0	35.00	-0.16
0.728	3.093	1	1	10.95	0.84
0.431	3.051	1	0	10.07	0.08
0.238	3.120	1	0	22.40	0.04
0.787	3.178	0	0	0.18	0.03
0.236	3.115	1	1	0.82	9.63
0.571	3.130	0	1	0.03	41.32
0.347	3.069	0	1	-0.09	1.94
0.671	3.142	1	0	17.95	-0.18
0.346	3.117	0	0	-0.10	0.01
0.231	3.013	1	1	0.85	2.91
0.254	3.131	1	1	1.04	-5.90
0.559	3.082	1	0	1.57	0.34
0.659	3.092	1	0	8.45	-0.29
0.323	3.143	1	0	1.04	-0.11
0.489	3.112	0	1	-0.02	1.02
0.511	3.092	0	1	-0.10	1.87
0.398	3.109	0	1	-0.17	4.89
0.910	3.148	1	0	0.36	-0.17
0.472	3.111	1	0	1.68	-0.14
0.438	3.058	1	0	1.68	0.01
0.376	3.116	1	0	0.92	-0.07
0.234	3.112	1	0	0.77	0.11
0.363	3.065	1	0	3.50	0.07
0.427	3.017	0	1	0.09	0.96
0.807	3.121	0	0	-0.02	0.44
0.295	3.138	0	1	-0.10	0.60
0.253	3.102	0	1	-0.02	3.63
0.302	3.103	0	1	0.09	11.08
0.318	3.106	1	1	14.58	4.60
0.561	3.125	0	1	0.02	0.98
0.224	3.042	1	1	2.94	11.66
0.832	3.032	0	1	0.13	25.16
0.483	3.082	1	0	3.20	0.03
0.462	3.116	0	1	0.02	2.11
0.295	3.099	0	0	-0.05	-0.13
0.650	3.105	0	1	0.10	6.70
0.308	3.100	1	0	1.00	-0.06
0.287	3.127	1	0	0.85	-0.15
0.872	3.089	0	1	0.02	5.73
0.599	3.115	1	1	34.02	13.37
0.586	3.086	1	0	32.02	-0.02
0.602	3.009	0	0	0.02	-0.13
0.437	3.087	1	1	0.93	9.15
0.293	3.097	0	1	0.01	1.32
0.284	3.113	0	1	-0.02	5.37
0.449	3.162	0	0	0.10	0.20
0.850	3.120	1	0	3.85	-0.15
0.418	3.082	1	0	1.58	0.08
0.496	3.107	1	0	3.69	0.04
0.214	3.135	0	1	-0.01	3.19
0.708	3.195	0	0	-0.05	0.12
0.220	3.169	0	0	-0.08	-0.04
0.209	3.055	1	0	4.04	0.32
0.232	3.140	0	1	-0.05	4.27
0.367	3.046	1	0	13.57	-0.16
0.357	3.060	1	1	0.82	2.17
0.211	3.123	1	1	11.86	1.09
0.229	3.121	0	0	-0.16	-0.14
0.285	3.142	0	0	0.18	-0.23
0.284	3.106	0	0	-0.01	0.12
0.202	3.109	0	0	0.03	0.02
0.384	3.142	0	1	-0.01	9.13
0.779	3.143	1	0	14.97	-0.10
0.293	3.116	1	0	1.12	-0.10
0.286	3.080	1	0	1.16	-0.07
0.649	3.017	0	1	0.10	14.16
0.589	3.072	0	0	-0.01	0.00
0.471	3.088	0	0	-0.01	0.15
0.296	3.026	0	0	0.03	-0.10
0.300	3.014	1	1	7.78	0.97
0.256	3.143	0	0	-0.09	0.20
0.348	3.121	0	1	-0.12	1.80
0.316	3.094	1	1	0.94	0.94
0.803	3.093	1	0	19.86	0.20
0.262	3.065	0	0	-0.05	-0.04
0.270	3.028	0	1	-0.13	2.00
0.226	3.139	0	0	-0.05	4.47
0.563	3.105	0	1	0.14	24.71
0.372	3.121	1	1	0.78	5.99
0.778	3.133	0	1	-0.14	19.54
0.740	3.094	0	1	-0.02	19.21
0.241	3.119	1	0	1.87	0.07
0.411	3.096	0	0	-0.10	-0.01
0.241	3.116	0	1	0.05	0.75
0.520	3.083	1	0	17.52	0.06
0.369	3.095	1	0	-5.93	0.05
0.443	3.076	1	0	25.99	-0.12
0.218	3.073	1	0	5.48	0.13
0.334	3.124	1	0	1.12	0.10
0.347	3.096	1	0	1.80	0.02
0.284	3.107	0	0	-0.06	0.17
0.222	3.118	0	1	-0.10	4.10
0.370	3.118	1	0	2.79	-0.04
0.300	3.114	1	0	1.24	-0.09
0.422	3.173	0	0	0.09	0.06
0.508	3.099	0	0	-0.06	0.05
0.358	3.079	1	0	0.81	0.62
0.250	3.108	1	0	8.43	-0.23
0.233	3.071	1	1	1.23	1.95
0.283	3.100	1	0	1.04	0.18
0.689	3.060	1	0	8.15	0.11
0.716	3.083	0	1	0.02	10.04
0.664	3.080	0	1	-0.02	32.47
0.405	3.106	1	0	20.23	-0.04
0.962	3.187	0	0	0.02	0.08
0.445	3.108	0	1	-0.06	9.38
0.387	3.150	1	0	14.33	0.14
0.276	3.124	0	0	0.13	0.04
0.790	3.065	0	1	-0.06	14.83
0.232	3.085	1	0	12.87	-0.06
0.268	3.140	0	1	-0.04	4.92
0.704	3.117	0	1	-0.08	17.34
0.943	3.128	1	0	29.85	0.18
0.406	3.132	0	1	-0.04	3.15
0.451	3.133	1	1	17.69	2.07
0.243	3.103	0	0	-0.00	0.93
0.401	3.125	1	0	23.79	0.02
0.245	3.114	1	1	1.33	23.04
0.248	3.058	0	0	0.07	-0.11
0.875	3.071	0	1	-0.04	1.04
0.467	3.118	0	1	0.11	6.93
0.359	3.100	0	1	-0.16	2.80
0.546	3.113	0	1	-0.04	5.65
0.253	3.106	0	0	-0.01	-0.12
0.310	3.102	1	0	-1.40	-0.04
0.533	3.101	1	0	14.34	-0.05
0.750	3.081	0	1	0.07	16.80
0.409	3.178	0	1	-0.01	7.17
0.690	3.122	0	0	-0.08	-0.12
0.780	3.072	1	0	12.08	0.16
0.412	3.106	1	1	0.99	25.74
0.226	3.022	1	0	1.26	-0.07
0.481	3.097	1	0	16.80	0.36
0.264	3.101	0	1	-0.24	0.52
0.551	3.096	0	0	0.18	-0.08
0.342	3.075	0	0	-0.01	0.17
0.414	3.065	0	0	0.10	0.06
0.963	3.094	1	1	10.08	1.12
0.344	3.077	0	1	0.14	1.69
0.578	3.128	1	1	10.43	21.80
0.389	3.122	1	0	6.05	-0.04
0.969	3.086	0	1	0.03	6.59
0.246	3.049	1	0	2.21	0.02
0.452	3.110	1	1	6.13	8.61
0.282	3.110	0	0	-0.01	-0.08
0.272	3.105	0	1	0.11	40.75
0.330	3.131	1	1	7.82	0.76
0.339	3.113	0	0	0.03	-0.14
0.233	3.125	0	1	-0.01	7.93
0.484	3.097	0	1	0.03	0.82
0.373	3.006	1	0	8.93	-0.06
0.627	3.025	0	0	0.03	0.04
0.380	3.118	0	1	-0.02	22.89
0.214	3.135	0	0	0.10	-0.20
0.434	3.056	0	1	-0.09	4.06
0.263	3.099	1	1	0.82	3.96
0.987	3.090	0	1	0.02	22.15
0.476	3.091	1	0	1.01	-0.28
0.418	3.107	1	1	28.38	6.04
0.266	3.088	0	0	0.03	0.09
0.875	3.131	1	0	3.21	-0.06
0.812	3.033	0	0	0.02	-0.20
0.840	3.136	0	1	-0.10	4.39
0.511	3.001	1	0	16.77	0.02
0.470	3.065	1	0	0.57	0.12
0.527	3.063	0	1	0.10	30.13
0.338	3.138	0	0	0.02	0.16
0.455	3.087	1	1	17.78	1.63
0.214	3.092	0	1	-3.40	19.85
0.511	3.120	0	1	0.06	2.29
0.644	3.044	0	1	-0.09	12.04
0.573	3.116	0	0	-0.05	0.19
0.560	3.062	0	1	0.02	15.21
0.336	3.081	0	1	0.07	1.17
0.624	3.078	0	1	-0.12	1.03
0.889	3.099	0	1	-0.01	5.31
0.244	3.098	0	0	0.03	0.15
0.291	3.080	1	0	15.97	-0.12
0.271	3.189	0	0	-0.01	0.19
0.650	3.159	0	0	0.07	-0.12
0.807	3.038	0	0	-0.09	-0.04
0.880	3.183	0	0	-0.17	0.02
0.445	3.105	1	0	3.45	-0.16
0.365	3.089	0	1	0.07	1.25
0.291	3.106	1	0	0.84	0.11
0.815	3.126	0	1	0.11	0.86
0.304	3.104	1	0	2.13	-0.12
0.476	3.085	1	0	1.00	0.07
0.229	3.106	0	1	-0.05	5.89
0.216	3.124	0	0	0.07	0.07
0.527	3.111	0	1	0.03	7.84
0.232	3.127	0	0	-0.01	0.09
0.262	3.098	0	0	0.07	-0.06
0.343	3.064	1	0	0.89	0.03
0.258	3.156	0	0	0.03	-0.49
0.916	3.104	1	0	23.50	-0.18
0.399	3.101	1	0	3.14	-0.02
0.265	3.085	0	1	0.03	1.05
0.262	3.137	1	0	3.57	-0.18
0.407	3.013	1	0	7.68	-0.02
0.380	3.097	1	1	5.39	1.11
0.438	3.099	1	1	1.04	13.50
0.569	3.183	0	0	0.03	-0.07
0.768	3.127	0	1	-0.01	1.15
0.275	3.092	0	1	-0.05	5.62
0.548	3.130	1	0	0.96	0.11
0.862	3.181	1	1	27.96	36.04
0.355	3.102	1	0	1.00	0.07
0.551	3.051	1	0	10.36	-0.02
0.347	3.001	1	0	2.24	0.08
0.525	3.023	1	0	15.69	0.00
0.358	3.033	0	1	-0.13	4.66
0.663	3.119	1	0	1.90	-0.22
0.210	3.140	1	0	1.12	0.09
0.574	3.199	1	0	15.41	0.03
0.244	3.076	0	1	0.11	2.99
0.345	3.112	0	1	0.15	12.27
0.448	3.099	0	0	-1.52	-0.08
0.494	3.093	1	0	1.61	0.23
0.261	3.087	0	0	0.10	0.03
0.243	3.126	0	0	-0.09	-0.05
0.401	3.123	0	1	-0.13	11.64
0.291	3.083	0	1	-0.01	0.74
0.570	3.090	0	1	-0.24	2.88
0.258	3.064	0	0	0.03	0.03
0.342	3.179	1	0	3.02	-0.07
0.328	3.100	0	0	0.07	0.04
0.811	3.050	0	0	-0.09	-0.08
0.210	3.134	1	0	8.99	-0.19
0.280	3.138	0	0	0.06	-0.03
0.423	3.158	0	1	0.10	2.42
0.360	3.098	0	1	-0.05	5.09
0.867	3.111	0	1	0.13	17.29
0.554	3.057	0	1	-0.12	11.20
0.237	3.111	1	0	18.19	0.09
0.681	3.037	0	1	-0.09	41.97
0.640	3.017	0	1	-0.06	25.01
0.540	3.185	0	0	-0.01	0.01
0.227	3.090	0	1	0.03	1.82
0.611	3.069	0	1	0.06	0.96
0.249	3.105	1	1	10.61	0.62
0.710	3.077	1	0	49.34	-0.07
0.296	3.102	0	1	0.13	1.18
0.302	3.123	1	0	4.02	0.05
0.744	3.180	0	0	0.02	-0.11
0.265	3.077	0	1	-0.10	4.88
0.271	3.087	0	0	0.01	-0.06
0.229	3.113	0	0	-0.14	0.21
0.337	3.092	0	0	-0.24	-0.03
0.400	3.107	0	1	0.06	2.87
0.398	3.192	0	0	-0.10	-0.01
0.322	3.119	0	1	0.06	4.86
0.283	3.128	0	0	0.03	0.01
0.695	3.094	1	1	9.37	1.64
0.315	3.090	0	1	0.03	4.70
0.741	3.034	1	1	3.24	0.81
0.401	3.034	1	0	8.84	0.11
0.601	3.130	0	1	-0.05	13.15
0.408	3.137	1	0	1.61	-0.18
0.258	3.106	0	0	0.25	-0.17
0.950	3.130	0	0	-0.01	-0.10
0.572	3.138	1	0	1.16	0.01
0.397	3.164	1	0	1.12	-0.15
0.531	3.071	0	0	-0.21	0.07
0.362	3.112	0	0	-0.08	-0.07
0.297	3.108	1	0	4.60	0.04
0.478	3.103	1	0	35.61	-0.13
0.967	3.024	0	0	-0.06	0.01
0.220	3.026	0	0	-0.14	-0.07
0.906	3.094	1	1	37.77	20.45
0.434	3.014	0	0	-0.14	0.46
0.204	3.135	0	0	-0.14	-0.21
0.346	3.111	1	0	2.70	-0.11
0.455	3.124	1	0	2.10	-0.01
0.938	3.127	1	0	19.72	-0.03
0.558	3.161	1	1	15.94	3.92
0.373	3.116	1	0	1.98	-0.11
0.964	3.081	0	1	-0.17	21.42
0.549	3.138	0	1	0.07	7.24
0.266	3.123	1	1	3.87	1.00
0.615	3.114	0	1	-0.06	27.30
0.316	3.137	0	0	0.13	0.01
0.773	3.078	1	0	2.02	-0.21
0.679	3.104	0	0	0.13	-0.21
0.516	3.079	0	0	0.05	-0.54
0.296	3.092	1	1	3.38	38.51
0.381	3.121	0	1	0.03	9.00
0.247	3.084	0	0	0.18	-0.11
0.554	3.036	1	1	15.79	9.94
0.443	3.089	0	1	0.06	5.98
0.592	3.113	0	1	-0.06	8.63
0.579	3.088	1	1	13.53	6.61
0.316	3.117	0	0	-0.05	-0.16
0.326	3.017	0	0	0.07	-0.10
0.254	3.105	0	0	-0.05	0.04
0.276	3.105	1	1	1.34	16.32
0.319	3.000	1	0	1.26	0.11
0.545	3.148	1	0	12.31	0.05
0.919	3.094	0	1	-0.12	30.85
0.278	3.047	0	0	0.02	0.19
0.506	3.080	1	0	1.99	-0.10
0.522	3.116	1	0	5.16	-0.06
0.539	3.193	0	0	-0.06	-0.03
0.475	3.084	0	1	0.05	39.45
0.245	3.110	0	1	-0.02	0.90
0.447	3.072	0	0	0.13	-0.12
0.280	3.123	0	1	-0.02	17.73
0.819	3.106	1	0	7.43	0.03
0.227	3.077	1	0	1.19	-0.07
0.734	3.104	1	0	0.96	0.19
0.252	3.130	0	0	-0.06	-0.10
0.990	3.081	1	1	3.04	0.98
0.512	3.123	1	1	2.29	20.36
0.996	3.107	1	0	2.44	-0.01
0.551	3.165	1	1	9.63	1.06
0.661	3.024	1	0	8.68	0.17
0.229	3.105	0	0	0.06	0.05
0.930	3.075	1	0	3.04	-0.10
0.257	3.087	0	1	-0.43	23.96
0.697	3.075	0	1	-0.02	21.55
0.201	3.102	1	0	1.91	0.04
0.365	3.073	0	0	0.06	-0.10
0.222	3.197	0	0	-0.02	-0.01
0.871	3.112	1	0	0.97	-1.66
0.657	3.134	0	0	-0.06	0.13
0.538	3.108	0	0	0.02	0.02
0.344	3.119	1	0	0.93	0.27
0.579	3.188	1	0	22.37	-0.04
0.428	3.118	0	0	-0.09	-0.36
0.701	3.101	1	1	1.00	28.90
0.531	3.083	0	1	-0.02	11.11
0.784	3.129	0	1	-0.06	22.16
0.227	3.072	0	0	0.10	-0.09
0.295	3.118	0	1	0.02	3.91
0.245	3.080	0	1	0.06	1.91
0.654	3.085	1	1	0.70	15.53
0.756	3.088	0	1	-0.10	12.30
0.687	3.112	1	1	0.90	0.74
0.307	3.113	0	1	-0.02	25.61
0.612	3.066	0	0	0.07	-0.12
0.261	3.112	1	1	0.81	1.00
0.564	3.125	0	1	0.11	26.94
0.816	3.132	1	0	0.94	-0.03
0.300	3.116	0	0	-0.08	0.02
0.294	3.110	0	0	-0.04	-0.10
0.351	3.111	1	0	1.18	-0.02
0.507	3.118	0	0	-0.08	0.20
0.390	3.081	0	0	-0.04	0.06
0.671	3.123	1	0	14.14	0.07
0.693	3.060	0	0	-0.06	0.14
0.572	3.127	1	0	28.07	0.08
0.303	3.089	0	1	0.03	21.16
0.360	3.104	1	1	11.88	19.20
0.228	3.091	1	0	0.69	-0.54
0.319	3.085	1	0	5.21	-0.24
0.948	3.130	1	0	20.04	-0.12
0.350	3.154	0	0	0.07	-0.08
0.602	3.094	0	0	0.34	0.21
0.305	3.058	1	0	12.93	-0.07
0.895	3.129	1	0	1.35	-0.10
0.224	3.166	0	1	0.07	2.11
0.261	3.127	0	0	0.11	0.13
0.941	3.177	0	0	-0.05	0.99
0.212	3.081	0	0	-0.01	-0.37
0.567	3.194	0	1	0.03	0.74
0.547	3.020	0	0	0.07	-0.12
0.914	3.069	0	0	-0.00	0.07
0.384	3.102	0	0	-0.08	0.00
0.239	3.072	0	0	0.07	0.13
0.662	3.096	1	1	17.95	22.24
0.320	3.160	0	1	-0.16	7.49
0.416	3.191	1	0	-1.82	0.05
0.304	3.111	1	1	1.03	0.80
0.333	3.098	0	0	-0.04	-0.19
0.279	3.036	0	0	-0.04	0.15
0.328	3.113	0	1	-0.02	14.13
0.240	3.119	0	1	0.02	2.25
0.429	3.100	1	0	10.26	-0.13
0.286	3.097	1	0	1.07	0.18
0.257	3.102	0	1	0.02	1.61
0.217	3.132	0	1	0.09	15.28
0.926	3.100	0	1	0.05	0.94
0.216	3.112	1	0	1.87	-0.19
0.942	3.110	1	1	0.88	21.66
0.497	3.160	0	1	0.13	2.42
0.949	3.137	1	0	1.87	0.52
0.245	3.075	1	0	3.76	-0.11
0.305	3.172	1	0	0.96	0.13
0.553	3.164	0	0	-0.12	0.15
0.555	3.114	0	0	0.04	-0.09
0.245	3.178	1	0	1.07	0.08
0.643	3.097	0	1	0.07	17.98
0.399	3.193	0	0	-0.08	0.13
0.429	3.030	0	0	0.14	0.01
0.880	3.113	1	0	23.09	0.04
0.207	3.087	0	1	0.06	3.40
0.781	3.124	0	0	-0.01	-0.04
0.221	3.126	0	0	0.06	0.04
0.351	3.114	0	1	-0.01	1.08
0.741	3.091	0	1	-0.09	1.54
0.221	3.110	0	1	0.06	2.17
0.272	3.073	1	0	0.98	-0.08
0.856	3.137	0	1	0.02	3.46
0.291	3.126	0	1	-0.05	5.40
0.799	3.106	1	1	16.45	13.45
0.578	3.129	0	1	0.02	7.38
0.313	3.090	1	1	6.78	22.71
0.253	3.107	0	0	0.02	0.02
0.442	3.097	1	0	5.58	0.10
0.286	3.028	0	1	-0.09	1.80
0.679	3.064	0	0	-0.02	-0.12
0.270	3.001	1	1	4.20	13.79
0.348	3.122	1	0	2.09	0.08
0.678	3.079	1	0	6.77	0.04
0.213	3.001	1	0	0.94	0.12
0.679	3.114	1	1	1.90	36.62
0.598	3.115	1	0	1.20	0.09
0.234	3.130	0	1	-0.05	24.81
0.751	3.091	0	1	-0.05	9.52
0.443	3.096	0	1	0.06	6.81
0.562	3.082	0	1	-0.01	2.79
0.416	3.195	1	1	4.64	2.26
0.355	3.083	0	1	-0.01	10.01
0.354	3.098	0	0	-0.01	-0.11
0.621	3.155	1	0	1.92	-0.19
0.368	3.106	1	0	49.15	0.09
0.974	3.102	1	0	3.74	0.16
0.264	3.146	0	1	-0.50	1.07
0.425	3.106	0	1	0.02	4.79
0.847	3.192	0	1	-0.13	3.44
0.488	3.106	1	0	8.42	-0.03
0.325	3.082	0	0	0.10	-0.19
0.465	3.115	0	1	-0.02	13.69
0.533	3.130	0	1	0.05	21.19
0.230	3.100	1	0	0.92	-0.05
0.655	3.005	0	1	-0.02	0.93
0.283	3.001	1	0	0.77	-0.13
0.219	3.070	0	0	0.01	0.13
0.330	3.065	0	1	-0.06	11.70
0.624	3.093	0	1	-0.17	1.27
