pT_low	pT_upp	nEvOld	nEvNew	ratio
0.000	0.010	151005	162680	1.077
0.010	0.020	431963	463330	1.073
0.020	0.030	652918	694602	1.064
0.030	0.040	791151	833708	1.054
0.040	0.050	837953	867164	1.035
0.050	0.060	798205	810432	1.015
0.060	0.070	693856	685764	0.988
0.070	0.080	549788	523887	0.953
0.080	0.090	398909	364692	0.914
0.090	0.100	262253	227360	0.867
0.100	0.120	234801	185599	0.790
0.120	0.140	59165	46566	0.787
0.140	0.160	34772	40256	1.158
0.160	0.180	40872	41923	1.026
0.180	0.200	29554	24051	1.000
0.200	0.250	16040	12351	1.000
0.250	0.300	11102	10412	1.000
0.300	0.350	2056	1997	1.000
0.350	0.400	2199	1766	1.000
0.400	0.500	963	958	1.000
0.500	0.600	308	332	1.000
0.600	0.800	145	149	1.000
0.800	1.000	22	21	1.000
1.000	1.500	0	0	1.000
1.500	2.000	0	0	1.000
