pT_low	pT_upp	nEvOld	nEvNew	ratio
0.000	0.010	151005	193014	1.278
0.010	0.020	431963	545443	1.263
0.020	0.030	652918	803330	1.230
0.030	0.040	791151	933498	1.180
0.040	0.050	837953	933218	1.114
0.050	0.060	798205	822322	1.030
0.060	0.070	693856	643170	0.927
0.070	0.080	549788	447197	0.813
0.080	0.090	398909	274646	0.688
0.090	0.100	262253	145341	0.554
0.100	0.120	234801	96837	0.412
0.120	0.140	59165	43641	0.738
0.140	0.160	34772	51634	1.485
0.160	0.180	40872	32428	0.793
0.180	0.200	29554	8998	1.000
0.200	0.250	16040	14765	1.000
0.250	0.300	11102	5037	1.000
0.300	0.350	2056	3348	1.000
0.350	0.400	2199	777	1.000
0.400	0.500	963	1012	1.000
0.500	0.600	308	229	1.000
0.600	0.800	145	102	1.000
0.800	1.000	22	13	1.000
1.000	1.500	0	0	1.000
1.500	2.000	0	0	1.000
