pT_low	pT_upp	nEvOld	nEvNew	ratio
0.000	0.010	151005	175296	1.161
0.010	0.020	431963	497592	1.152
0.020	0.030	652918	741042	1.135
0.030	0.040	791151	877632	1.109
0.040	0.050	837953	897928	1.072
0.050	0.060	798205	818522	1.025
0.060	0.070	693856	671424	0.968
0.070	0.080	549788	492891	0.897
0.080	0.090	398909	326323	0.818
0.090	0.100	262253	190534	0.727
0.100	0.120	234801	140350	0.598
0.120	0.140	59165	41575	0.703
0.140	0.160	34772	46349	1.333
0.160	0.180	40872	39869	0.975
0.180	0.200	29554	17000	0.575
0.200	0.250	16040	12012	0.749
0.250	0.300	11102	8282	0.746
0.300	0.350	2056	2776	1.350
0.350	0.400	2199	1057	0.481
0.400	0.500	963	1056	1.097
0.500	0.600	308	343	1.114
0.600	0.800	145	135	0.931
0.800	1.000	22	12	0.545
1.000	1.500	0	0	0.000
1.500	2.000	0	0	0.000
