Dataset contains 3737 events.
***
pT range		NCohJ 	err 	NIncJ 	err 	NDiss 	err 	NCohP 	err 	NIncP 	err 	sum 	err 	fC 	err 	fD coh	err 	fD inc	err 	fD 	err
(0.000, 2.000) GeV/c	2964.2	58.8	343.9	32.3	195.1	24.1	208.7	4.1	25.3	2.4	3737.3	71.5
(0.200, 2.000) GeV/c	6.1	0.1	274.2	25.8	184.8	22.8	91.7	1.8	20.0	1.9	576.8	34.5	1.34	0.10	19.98	1.55	4.36	0.52	24.34	1.64
(0.200, 1.000) GeV/c	6.1	0.1	271.3	25.5	124.1	15.3	91.7	1.8	19.8	1.9	513.0	29.9	1.56	0.12	23.20	1.81	5.02	0.60	28.22	1.90
(0.200, 0.282) GeV/c	6.1	0.1	54.9	5.2	9.5	1.2	56.9	1.1	4.2	0.4	131.6	5.4	9.52	0.80	88.29	7.46	6.54	0.82	94.83	7.51
(0.282, 0.382) GeV/c	0.0	0.0	67.3	6.3	14.6	1.8	30.4	0.6	5.0	0.5	117.3	6.6	0.02	0.00	37.11	3.07	6.14	0.76	43.24	3.16
(0.382, 0.571) GeV/c	0.0	0.0	89.7	8.4	32.5	4.0	4.5	0.1	6.6	0.6	133.2	9.4	0.00	0.00	3.65	0.29	5.37	0.65	9.02	0.71
(0.571, 1.000) GeV/c	0.0	0.0	59.4	5.6	67.5	8.3	0.0	0.0	4.0	0.4	130.9	10.0	0.00	0.00	0.00	0.00	3.19	0.39	3.19	0.39
