Dataset contains 3737 events.
***
pT range		NCohJ 	err 	NIncJ 	err 	NDiss 	err 	NCohP 	err 	NIncP 	err 	sum 	err 	fC 	err 	fD coh	err 	fD inc	err 	fD 	err
(0.000, 2.000) GeV/c	2962.2	58.9	346.6	32.4	194.4	24.1	208.5	4.1	25.5	2.4	3737.3	71.5
(0.200, 2.000) GeV/c	6.2	0.1	276.4	25.8	184.1	22.8	91.7	1.8	20.2	1.9	578.5	34.5	1.35	0.10	19.91	1.54	4.38	0.52	24.28	1.63
(0.200, 1.000) GeV/c	6.2	0.1	273.4	25.6	123.6	15.3	91.7	1.8	20.0	1.9	514.9	29.9	1.56	0.12	23.09	1.79	5.04	0.60	28.12	1.89
(0.200, 0.282) GeV/c	6.2	0.1	55.4	5.2	9.4	1.2	56.8	1.1	4.2	0.4	132.1	5.4	9.55	0.80	87.68	7.39	6.55	0.81	94.23	7.43
(0.282, 0.382) GeV/c	0.0	0.0	67.8	6.3	14.6	1.8	30.4	0.6	5.1	0.5	117.8	6.6	0.02	0.00	36.86	3.04	6.15	0.76	43.01	3.13
(0.382, 0.571) GeV/c	0.0	0.0	90.4	8.4	32.4	4.0	4.5	0.1	6.6	0.6	133.8	9.4	0.00	0.00	3.63	0.29	5.39	0.65	9.02	0.71
(0.571, 1.000) GeV/c	0.0	0.0	59.9	5.6	67.2	8.3	0.0	0.0	4.1	0.4	131.1	10.0	0.00	0.00	0.00	0.00	3.21	0.39	3.21	0.39
