Dataset contains 3737 events.
***
pT range		NCohJ 	err 	NIncJ 	err 	NDiss 	err 	NCohP 	err 	NIncP 	err 	sum 	err 	fC 	err 	fD coh	err 	fD inc	err 	fD 	err
(0.000, 2.000) GeV/c	2968.0	58.8	338.9	32.2	196.5	24.2	208.9	4.1	25.0	2.4	3737.3	71.4
(0.200, 2.000) GeV/c	6.7	0.1	270.2	25.6	186.1	22.9	91.8	1.8	19.7	1.9	574.5	34.5	1.46	0.11	20.13	1.57	4.32	0.52	24.45	1.65
(0.200, 1.000) GeV/c	6.7	0.1	267.3	25.4	124.9	15.4	91.8	1.8	19.6	1.9	510.3	29.8	1.70	0.13	23.41	1.83	4.98	0.61	28.40	1.93
(0.200, 0.282) GeV/c	6.6	0.1	54.1	5.1	9.6	1.2	56.9	1.1	4.2	0.4	131.4	5.4	10.43	0.89	89.42	7.61	6.52	0.82	95.94	7.65
(0.282, 0.382) GeV/c	0.0	0.0	66.3	6.3	14.7	1.8	30.4	0.6	5.0	0.5	116.4	6.6	0.03	0.00	37.56	3.13	6.11	0.76	43.67	3.22
(0.382, 0.571) GeV/c	0.0	0.0	88.4	8.4	32.7	4.0	4.5	0.1	6.5	0.6	132.0	9.3	0.00	0.00	3.69	0.29	5.34	0.65	9.03	0.71
(0.571, 1.000) GeV/c	0.0	0.0	58.5	5.6	67.9	8.4	0.0	0.0	4.0	0.4	130.4	10.0	0.00	0.00	0.00	0.00	3.15	0.39	3.15	0.39
