Dataset contains 3737 events.
***
pT range		NCohJ 	err 	NIncJ 	err 	NDiss 	err 	NCohP 	err 	NIncP 	err 	sum 	err 	fC 	err 	fD coh	err 	fD inc	err 	fD 	err
(0.000, 2.000) GeV/c	2950.0	58.9	362.7	32.9	190.1	23.8	207.7	4.1	26.7	2.4	3737.3	71.7
(0.200, 2.000) GeV/c	8.0	0.2	289.2	26.2	180.0	22.5	91.3	1.8	21.1	1.9	589.6	34.7	1.71	0.13	19.45	1.48	4.50	0.52	23.95	1.57
(0.200, 1.000) GeV/c	8.0	0.2	286.2	25.9	120.9	15.1	91.3	1.8	20.9	1.9	527.2	30.1	1.97	0.15	22.43	1.71	5.14	0.60	27.57	1.82
(0.200, 0.282) GeV/c	8.0	0.2	57.9	5.2	9.2	1.2	56.6	1.1	4.4	0.4	136.2	5.5	11.90	0.98	84.25	6.95	6.62	0.80	90.86	6.99
(0.282, 0.382) GeV/c	0.0	0.0	71.0	6.4	14.2	1.8	30.2	0.6	5.3	0.5	120.8	6.7	0.04	0.00	35.49	2.87	6.22	0.75	41.71	2.96
(0.382, 0.571) GeV/c	0.0	0.0	94.6	8.6	31.7	4.0	4.4	0.1	6.9	0.6	137.6	9.5	0.00	0.00	3.52	0.27	5.48	0.64	9.00	0.70
(0.571, 1.000) GeV/c	0.0	0.0	62.6	5.7	65.7	8.2	0.0	0.0	4.3	0.4	132.6	10.0	0.00	0.00	0.00	0.00	3.32	0.40	3.33	0.40
