Dataset contains 3737 events.
***
pT range		NCohJ 	err 	NIncJ 	err 	NDiss 	err 	NCohP 	err 	NIncP 	err 	sum 	err 	fC 	err 	fD coh	err 	fD inc	err 	fD 	err
(0.000, 2.000) GeV/c	2973.3	58.8	331.7	32.0	198.5	24.3	209.3	4.1	24.4	2.4	3737.3	71.4
(0.200, 2.000) GeV/c	9.3	0.2	264.5	25.5	188.0	23.0	92.0	1.8	19.3	1.9	573.0	34.4	2.05	0.16	20.33	1.59	4.26	0.52	24.60	1.68
(0.200, 1.000) GeV/c	9.3	0.2	261.7	25.2	126.2	15.5	92.0	1.8	19.1	1.8	508.3	29.7	2.39	0.19	23.72	1.87	4.93	0.61	28.65	1.96
(0.200, 0.282) GeV/c	9.2	0.2	53.0	5.1	9.6	1.2	57.0	1.1	4.1	0.4	133.0	5.4	14.76	1.27	91.07	7.83	6.49	0.83	97.56	7.87
(0.282, 0.382) GeV/c	0.0	0.0	64.9	6.3	14.9	1.8	30.5	0.6	4.8	0.5	115.2	6.6	0.05	0.00	38.21	3.21	6.08	0.77	44.29	3.30
(0.382, 0.571) GeV/c	0.0	0.0	86.5	8.3	33.1	4.0	4.5	0.1	6.3	0.6	130.4	9.3	0.00	0.00	3.74	0.30	5.29	0.65	9.04	0.72
(0.571, 1.000) GeV/c	0.0	0.0	57.3	5.5	68.6	8.4	0.0	0.0	3.9	0.4	129.8	10.1	0.00	0.00	0.00	0.00	3.10	0.39	3.10	0.39
