Dataset contains 3737 events.
***
pT range		NCohJ 	err 	NIncJ 	err 	NDiss 	err 	NCohP 	err 	NIncP 	err 	sum 	err 	fC 	err 	fD coh	err 	fD inc	err 	fD 	err
(0.000, 2.000) GeV/c	2957.7	58.9	352.6	32.6	192.8	23.9	208.2	4.1	26.0	2.4	3737.3	71.6
(0.200, 2.000) GeV/c	6.7	0.1	281.1	26.0	182.6	22.7	91.5	1.8	20.5	1.9	582.5	34.6	1.45	0.11	19.74	1.52	4.42	0.52	24.16	1.61
(0.200, 1.000) GeV/c	6.7	0.1	278.2	25.7	122.6	15.2	91.5	1.8	20.3	1.9	519.3	30.0	1.68	0.13	22.84	1.76	5.08	0.60	27.91	1.86
(0.200, 0.282) GeV/c	6.7	0.1	56.3	5.2	9.4	1.2	56.7	1.1	4.3	0.4	133.4	5.5	10.20	0.85	86.38	7.22	6.58	0.81	92.95	7.26
(0.282, 0.382) GeV/c	0.0	0.0	69.0	6.4	14.4	1.8	30.3	0.6	5.2	0.5	118.9	6.7	0.03	0.00	36.34	2.97	6.18	0.75	42.52	3.07
(0.382, 0.571) GeV/c	0.0	0.0	92.0	8.5	32.1	4.0	4.5	0.1	6.7	0.6	135.2	9.4	0.00	0.00	3.59	0.28	5.42	0.65	9.01	0.71
(0.571, 1.000) GeV/c	0.0	0.0	60.9	5.6	66.6	8.3	0.0	0.0	4.1	0.4	131.7	10.0	0.00	0.00	0.00	0.00	3.25	0.39	3.25	0.39
