Dataset contains 3737 events.
***
pT range		NCohJ 	err 	NIncJ 	err 	NDiss 	err 	NCohP 	err 	NIncP 	err 	sum 	err 	fC 	err 	fD coh	err 	fD inc	err 	fD 	err
(0.000, 2.000) GeV/c	2955.3	58.9	355.8	32.7	191.9	23.9	208.1	4.1	26.2	2.4	3737.3	71.6
(0.200, 2.000) GeV/c	7.1	0.1	283.7	26.0	181.7	22.6	91.4	1.8	20.7	1.9	584.7	34.6	1.53	0.12	19.64	1.51	4.45	0.52	24.09	1.60
(0.200, 1.000) GeV/c	7.1	0.1	280.7	25.8	122.0	15.2	91.4	1.8	20.5	1.9	521.8	30.0	1.77	0.14	22.71	1.75	5.10	0.60	27.80	1.85
(0.200, 0.282) GeV/c	7.1	0.1	56.8	5.2	9.3	1.2	56.7	1.1	4.4	0.4	134.3	5.5	10.75	0.89	85.69	7.13	6.59	0.81	92.28	7.18
(0.282, 0.382) GeV/c	0.0	0.0	69.6	6.4	14.4	1.8	30.3	0.6	5.2	0.5	119.5	6.7	0.03	0.00	36.07	2.94	6.19	0.75	42.26	3.03
(0.382, 0.571) GeV/c	0.0	0.0	92.8	8.5	32.0	4.0	4.4	0.1	6.8	0.6	136.0	9.4	0.00	0.00	3.57	0.28	5.44	0.65	9.01	0.70
(0.571, 1.000) GeV/c	0.0	0.0	61.4	5.6	66.4	8.3	0.0	0.0	4.2	0.4	132.0	10.0	0.00	0.00	0.00	0.00	3.27	0.39	3.28	0.39
