Dataset contains 3737 events.
***
pT range		NCohJ 	err 	NIncJ 	err 	NDiss 	err 	NCohP 	err 	NIncP 	err 	sum 	err 	fC 	err 	fD coh	err 	fD inc	err 	fD 	err
(0.000, 2.000) GeV/c	2969.8	58.8	336.4	32.1	197.2	24.2	209.1	4.1	24.8	2.4	3737.3	71.4
(0.200, 2.000) GeV/c	7.3	0.1	268.2	25.6	186.7	22.9	91.9	1.8	19.6	1.9	573.7	34.5	1.60	0.13	20.20	1.58	4.30	0.52	24.50	1.66
(0.200, 1.000) GeV/c	7.3	0.1	265.4	25.3	125.4	15.4	91.9	1.8	19.4	1.9	509.4	29.7	1.87	0.15	23.52	1.84	4.97	0.61	28.48	1.94
(0.200, 0.282) GeV/c	7.3	0.1	53.7	5.1	9.6	1.2	57.0	1.1	4.1	0.4	131.7	5.4	11.49	0.98	89.98	7.68	6.51	0.82	96.49	7.73
(0.282, 0.382) GeV/c	0.0	0.0	65.8	6.3	14.8	1.8	30.4	0.6	4.9	0.5	116.0	6.6	0.03	0.00	37.78	3.15	6.10	0.76	43.88	3.25
(0.382, 0.571) GeV/c	0.0	0.0	87.7	8.4	32.8	4.0	4.5	0.1	6.4	0.6	131.5	9.3	0.00	0.00	3.71	0.29	5.32	0.65	9.03	0.72
(0.571, 1.000) GeV/c	0.0	0.0	58.1	5.5	68.2	8.4	0.0	0.0	4.0	0.4	130.2	10.1	0.00	0.00	0.00	0.00	3.13	0.39	3.14	0.39
