Dataset contains 3737 events.
***
pT range		NCohJ 	err 	NIncJ 	err 	NDiss 	err 	NCohP 	err 	NIncP 	err 	sum 	err 	fC 	err 	fD coh	err 	fD inc	err 	fD 	err
(0.000, 2.000) GeV/c	2971.6	58.8	334.1	32.0	197.8	24.3	209.2	4.1	24.6	2.4	3737.3	71.4
(0.200, 2.000) GeV/c	8.2	0.2	266.3	25.5	187.4	23.0	91.9	1.8	19.4	1.9	573.3	34.5	1.80	0.14	20.27	1.59	4.28	0.52	24.55	1.67
(0.200, 1.000) GeV/c	8.2	0.2	263.5	25.3	125.8	15.4	91.9	1.8	19.3	1.8	508.7	29.7	2.10	0.16	23.62	1.86	4.95	0.61	28.57	1.95
(0.200, 0.282) GeV/c	8.1	0.2	53.3	5.1	9.6	1.2	57.0	1.1	4.1	0.4	132.2	5.4	12.92	1.11	90.53	7.76	6.50	0.83	97.03	7.80
(0.282, 0.382) GeV/c	0.0	0.0	65.4	6.3	14.8	1.8	30.5	0.6	4.9	0.5	115.6	6.6	0.04	0.00	37.99	3.18	6.09	0.77	44.08	3.27
(0.382, 0.571) GeV/c	0.0	0.0	87.1	8.4	33.0	4.0	4.5	0.1	6.4	0.6	130.9	9.3	0.00	0.00	3.73	0.30	5.31	0.65	9.03	0.72
(0.571, 1.000) GeV/c	0.0	0.0	57.7	5.5	68.4	8.4	0.0	0.0	3.9	0.4	130.0	10.1	0.00	0.00	0.00	0.00	3.12	0.39	3.12	0.39
