Dataset contains 3737 events.
***
pT range		NCohJ 	err 	NIncJ 	err 	NDiss 	err 	NCohP 	err 	NIncP 	err 	sum 	err 	fC 	err 	fD coh	err 	fD inc	err 	fD 	err
(0.000, 2.000) GeV/c	2947.2	58.9	366.5	33.0	189.1	23.7	207.5	4.1	27.0	2.4	3737.3	71.7
(0.200, 2.000) GeV/c	8.5	0.2	292.2	26.3	179.1	22.5	91.2	1.8	21.3	1.9	592.3	34.7	1.80	0.14	19.35	1.47	4.52	0.52	23.87	1.56
(0.200, 1.000) GeV/c	8.5	0.2	289.1	26.0	120.2	15.1	91.2	1.8	21.1	1.9	530.2	30.2	2.07	0.16	22.28	1.70	5.17	0.60	27.44	1.80
(0.200, 0.282) GeV/c	8.4	0.2	58.5	5.3	9.2	1.2	56.5	1.1	4.5	0.4	137.2	5.5	12.44	1.02	83.47	6.85	6.63	0.80	90.10	6.90
(0.282, 0.382) GeV/c	0.0	0.0	71.7	6.5	14.2	1.8	30.2	0.6	5.4	0.5	121.5	6.7	0.04	0.00	35.18	2.83	6.24	0.74	41.42	2.93
(0.382, 0.571) GeV/c	0.0	0.0	95.6	8.6	31.5	4.0	4.4	0.1	7.0	0.6	138.5	9.5	0.00	0.00	3.49	0.27	5.50	0.64	8.99	0.70
(0.571, 1.000) GeV/c	0.0	0.0	63.3	5.7	65.4	8.2	0.0	0.0	4.3	0.4	133.0	10.0	0.00	0.00	0.00	0.00	3.35	0.40	3.35	0.40
