Dataset contains 3737 events.
***
pT range		NCohJ 	err 	NIncJ 	err 	NDiss 	err 	NCohP 	err 	NIncP 	err 	sum 	err 	fC 	err 	fD coh	err 	fD inc	err 	fD 	err
(0.000, 2.000) GeV/c	2966.1	58.8	341.3	32.2	195.8	24.1	208.8	4.1	25.2	2.4	3737.3	71.5
(0.200, 2.000) GeV/c	6.3	0.1	272.2	25.7	185.5	22.9	91.8	1.8	19.9	1.9	575.6	34.5	1.38	0.11	20.06	1.56	4.34	0.52	24.39	1.64
(0.200, 1.000) GeV/c	6.3	0.1	269.3	25.4	124.5	15.3	91.8	1.8	19.7	1.9	511.6	29.8	1.60	0.13	23.31	1.82	5.00	0.60	28.31	1.92
(0.200, 0.282) GeV/c	6.3	0.1	54.5	5.1	9.5	1.2	56.9	1.1	4.2	0.4	131.4	5.4	9.83	0.83	88.86	7.54	6.53	0.82	95.39	7.58
(0.282, 0.382) GeV/c	0.0	0.0	66.8	6.3	14.7	1.8	30.4	0.6	5.0	0.5	116.9	6.6	0.02	0.00	37.33	3.10	6.12	0.76	43.46	3.19
(0.382, 0.571) GeV/c	0.0	0.0	89.0	8.4	32.6	4.0	4.5	0.1	6.5	0.6	132.6	9.3	0.00	0.00	3.67	0.29	5.35	0.65	9.02	0.71
(0.571, 1.000) GeV/c	0.0	0.0	58.9	5.6	67.7	8.3	0.0	0.0	4.0	0.4	130.7	10.0	0.00	0.00	0.00	0.00	3.17	0.39	3.17	0.39
