Dataset contains 3737 events.
***
pT range		NCohJ 	err 	NIncJ 	err 	NDiss 	err 	NCohP 	err 	NIncP 	err 	sum 	err 	fC 	err 	fD coh	err 	fD inc	err 	fD 	err
(0.000, 2.000) GeV/c	2960.0	58.9	349.6	32.5	193.6	24.0	208.4	4.1	25.8	2.4	3737.3	71.5
(0.200, 2.000) GeV/c	6.4	0.1	278.7	25.9	183.3	22.7	91.6	1.8	20.3	1.9	580.4	34.6	1.38	0.11	19.82	1.53	4.40	0.52	24.22	1.62
(0.200, 1.000) GeV/c	6.4	0.1	275.8	25.6	123.1	15.3	91.6	1.8	20.2	1.9	517.0	29.9	1.60	0.12	22.96	1.78	5.06	0.60	28.02	1.88
(0.200, 0.282) GeV/c	6.4	0.1	55.8	5.2	9.4	1.2	56.8	1.1	4.3	0.4	132.7	5.5	9.76	0.82	87.04	7.30	6.57	0.81	93.60	7.35
(0.282, 0.382) GeV/c	0.0	0.0	68.4	6.4	14.5	1.8	30.3	0.6	5.1	0.5	118.4	6.7	0.02	0.00	36.61	3.01	6.16	0.75	42.77	3.10
(0.382, 0.571) GeV/c	0.0	0.0	91.2	8.5	32.2	4.0	4.5	0.1	6.7	0.6	134.5	9.4	0.00	0.00	3.61	0.28	5.40	0.65	9.01	0.71
(0.571, 1.000) GeV/c	0.0	0.0	60.4	5.6	66.9	8.3	0.0	0.0	4.1	0.4	131.4	10.0	0.00	0.00	0.00	0.00	3.23	0.39	3.23	0.39
