Dataset contains 3737 events.
***
pT range		NCohJ 	err 	NIncJ 	err 	NDiss 	err 	NCohP 	err 	NIncP 	err 	sum 	err 	fC 	err 	fD coh	err 	fD inc	err 	fD 	err
(0.000, 2.000) GeV/c	2952.7	58.9	359.2	32.8	191.0	23.8	207.9	4.1	26.5	2.4	3737.3	71.6
(0.200, 2.000) GeV/c	7.6	0.2	286.4	26.1	180.9	22.6	91.4	1.8	20.9	1.9	587.1	34.6	1.62	0.12	19.55	1.50	4.47	0.52	24.02	1.59
(0.200, 1.000) GeV/c	7.6	0.2	283.4	25.8	121.4	15.2	91.4	1.8	20.7	1.9	524.5	30.1	1.87	0.14	22.57	1.73	5.12	0.60	27.69	1.83
(0.200, 0.282) GeV/c	7.5	0.2	57.4	5.2	9.3	1.2	56.6	1.1	4.4	0.4	135.2	5.5	11.32	0.94	84.98	7.04	6.60	0.80	91.58	7.09
(0.282, 0.382) GeV/c	0.0	0.0	70.3	6.4	14.3	1.8	30.3	0.6	5.3	0.5	120.2	6.7	0.04	0.00	35.78	2.90	6.21	0.75	41.99	3.00
(0.382, 0.571) GeV/c	0.0	0.0	93.7	8.5	31.8	4.0	4.4	0.1	6.9	0.6	136.8	9.4	0.00	0.00	3.54	0.28	5.46	0.65	9.00	0.70
(0.571, 1.000) GeV/c	0.0	0.0	62.0	5.7	66.0	8.2	0.0	0.0	4.2	0.4	132.3	10.0	0.00	0.00	0.00	0.00	3.30	0.40	3.30	0.40
