Dataset contains 3664 events.
***
pT range		NCohJ 	err 	NIncJ 	err 	NDiss 	err 	NCohP 	err 	NIncP 	err 	sum 	err 	fC 	err 	fD coh	err 	fD inc	err 	fD 	err
(0.000, 2.000) GeV/c	2922.8	58.5	337.0	31.9	195.6	24.3	183.6	3.7	25.3	2.4	3664.3	71.0
(0.200, 2.000) GeV/c	8.8	0.2	268.8	25.4	185.3	23.0	80.7	1.6	19.9	1.9	563.5	34.4	1.95	0.15	17.76	1.39	4.39	0.53	22.16	1.49
(0.200, 1.000) GeV/c	8.8	0.2	266.0	25.2	124.4	15.4	80.7	1.6	19.8	1.9	499.7	29.6	2.26	0.18	20.66	1.62	5.07	0.61	25.73	1.73
(0.200, 0.283) GeV/c	8.8	0.2	54.6	5.2	9.6	1.2	50.4	1.0	4.2	0.4	127.7	5.4	13.69	1.16	78.46	6.66	6.59	0.83	85.05	6.72
(0.283, 0.390) GeV/c	0.0	0.0	70.1	6.6	15.8	2.0	27.1	0.5	5.3	0.5	118.3	7.0	0.05	0.00	31.52	2.62	6.22	0.77	37.75	2.73
(0.390, 0.508) GeV/c	0.0	0.0	59.1	5.6	20.1	2.5	3.1	0.1	4.4	0.4	86.8	6.1	0.00	0.00	3.95	0.32	5.54	0.68	9.50	0.75
(0.508, 0.691) GeV/c	0.0	0.0	54.6	5.2	32.3	4.0	0.1	0.0	4.0	0.4	91.0	6.6	0.00	0.00	0.07	0.01	4.64	0.56	4.71	0.56
(0.691, 1.000) GeV/c	0.0	0.0	27.6	2.6	46.5	5.8	0.0	0.0	1.8	0.2	75.9	6.3	0.00	0.00	0.00	0.00	2.41	0.31	2.41	0.31
