Dataset contains 3668 events.
***
pT range		NCohJ 	err 	NIncJ 	err 	NDiss 	err 	NCohP 	err 	NIncP 	err 	sum 	err 	fC 	err 	fD coh	err 	fD inc	err 	fD 	err
(0.000, 2.000) GeV/c	2929.7	57.7	327.9	31.2	202.3	24.5	184.0	3.6	24.6	2.3	3668.5	70.2
(0.200, 2.000) GeV/c	8.9	0.2	261.5	24.9	191.5	23.2	80.9	1.6	19.4	1.8	562.2	34.1	1.96	0.15	17.85	1.39	4.28	0.52	22.13	1.48
(0.200, 1.000) GeV/c	8.9	0.2	259.0	24.7	128.7	15.6	80.9	1.6	19.3	1.8	496.7	29.3	2.28	0.18	20.85	1.62	4.97	0.60	25.82	1.73
(0.200, 0.283) GeV/c	8.8	0.2	53.4	5.1	10.1	1.2	49.4	1.0	4.1	0.4	125.8	5.3	13.81	1.17	77.89	6.60	6.50	0.82	84.39	6.65
(0.283, 0.390) GeV/c	0.1	0.0	67.7	6.4	16.3	2.0	27.9	0.5	5.2	0.5	117.1	6.8	0.11	0.01	33.23	2.75	6.19	0.77	39.43	2.85
(0.390, 0.508) GeV/c	0.0	0.0	58.3	5.6	20.8	2.5	3.5	0.1	4.3	0.4	86.8	6.1	0.00	0.00	4.42	0.35	5.46	0.67	9.89	0.76
(0.508, 0.691) GeV/c	0.0	0.0	48.7	4.6	33.0	4.0	0.0	0.0	3.6	0.3	85.3	6.1	0.00	0.00	0.06	0.00	4.36	0.53	4.42	0.53
(0.691, 1.000) GeV/c	0.0	0.0	31.0	2.9	48.7	5.9	0.0	0.0	2.1	0.2	81.7	6.6	0.00	0.00	0.00	0.00	2.60	0.33	2.60	0.33
