Dataset contains 3664 events.
***
pT range		NCohJ 	err 	NIncJ 	err 	NDiss 	err 	NCohP 	err 	NIncP 	err 	sum 	err 	fC 	err 	fD coh	err 	fD inc	err 	fD 	err
(0.000, 2.000) GeV/c	2890.8	58.6	379.3	33.0	184.0	23.3	181.5	3.7	28.4	2.5	3664.0	71.3
(0.200, 2.000) GeV/c	12.9	0.3	302.5	26.3	174.2	22.1	79.8	1.6	22.4	2.0	591.8	34.5	2.70	0.20	16.74	1.25	4.71	0.53	21.44	1.36
(0.200, 1.000) GeV/c	12.8	0.3	299.3	26.1	117.0	14.8	79.8	1.6	22.3	1.9	531.2	30.1	3.09	0.23	19.17	1.43	5.35	0.60	24.52	1.56
(0.200, 0.283) GeV/c	9.1	0.2	61.5	5.4	9.1	1.2	49.9	1.0	4.8	0.4	134.3	5.6	12.94	1.04	70.70	5.67	6.76	0.79	77.46	5.73
(0.283, 0.390) GeV/c	3.0	0.1	78.8	6.9	14.8	1.9	26.8	0.5	6.0	0.5	129.4	7.2	3.18	0.25	28.57	2.25	6.42	0.74	34.99	2.37
(0.390, 0.508) GeV/c	0.5	0.0	66.5	5.8	18.9	2.4	3.1	0.1	4.9	0.4	94.0	6.3	0.59	0.05	3.62	0.28	5.79	0.66	9.41	0.71
(0.508, 0.691) GeV/c	0.2	0.0	61.4	5.3	30.4	3.9	0.1	0.0	4.5	0.4	96.6	6.6	0.20	0.01	0.06	0.00	4.94	0.56	5.01	0.56
(0.691, 1.000) GeV/c	0.0	0.0	31.1	2.7	43.7	5.5	0.0	0.0	2.0	0.2	76.8	6.2	0.05	0.00	0.00	0.00	2.69	0.32	2.69	0.32
