Dataset contains 3668 events.
***
pT range		NCohJ 	err 	NIncJ 	err 	NDiss 	err 	NCohP 	err 	NIncP 	err 	sum 	err 	fC 	err 	fD coh	err 	fD inc	err 	fD 	err
(0.000, 2.000) GeV/c	2875.2	57.6	400.3	32.5	183.9	23.3	180.5	3.6	30.0	2.4	3669.9	70.2
(0.200, 2.000) GeV/c	0.0	0.0	319.3	25.9	174.2	22.0	79.3	1.6	23.7	1.9	596.5	34.1	0.01	0.00	16.07	1.15	4.80	0.51	20.87	1.26
(0.200, 1.000) GeV/c	0.0	0.0	316.2	25.7	117.1	14.8	79.3	1.6	23.5	1.9	536.1	29.8	0.01	0.00	18.31	1.31	5.43	0.58	23.74	1.43
(0.200, 0.283) GeV/c	0.0	0.0	65.2	5.3	9.1	1.2	48.5	1.0	5.0	0.4	127.8	5.5	0.02	0.00	65.22	4.93	6.77	0.74	71.99	4.99
(0.283, 0.390) GeV/c	0.0	0.0	82.6	6.7	14.8	1.9	27.4	0.5	6.3	0.5	131.1	7.0	0.00	0.00	28.09	2.09	6.51	0.71	34.60	2.20
(0.390, 0.508) GeV/c	0.0	0.0	71.1	5.8	18.9	2.4	3.4	0.1	5.3	0.4	98.7	6.3	0.00	0.00	3.81	0.28	5.86	0.63	9.67	0.68
(0.508, 0.691) GeV/c	0.0	0.0	59.4	4.8	30.0	3.8	0.0	0.0	4.3	0.4	93.8	6.2	0.00	0.00	0.05	0.00	4.86	0.52	4.91	0.52
(0.691, 1.000) GeV/c	0.0	0.0	37.8	3.1	44.3	5.6	0.0	0.0	2.5	0.2	84.6	6.4	0.00	0.00	0.00	0.00	3.08	0.35	3.08	0.35
