Dataset contains 3668 events.
***
pT range		NCohJ 	err 	NIncJ 	err 	NDiss 	err 	NCohP 	err 	NIncP 	err 	sum 	err 	fC 	err 	fD coh	err 	fD inc	err 	fD 	err
(0.000, 2.000) GeV/c	2914.5	57.7	348.1	31.7	196.7	24.1	183.0	3.6	26.1	2.4	3668.5	70.2
(0.200, 2.000) GeV/c	7.0	0.1	277.6	25.2	186.3	22.8	80.3	1.6	20.6	1.9	571.8	34.1	1.51	0.12	17.30	1.31	4.45	0.52	21.75	1.41
(0.200, 1.000) GeV/c	7.0	0.1	274.9	25.0	125.2	15.3	80.3	1.6	20.5	1.9	507.9	29.4	1.76	0.13	20.06	1.52	5.12	0.60	25.18	1.64
(0.200, 0.283) GeV/c	6.9	0.1	56.7	5.2	9.8	1.2	49.4	1.0	4.3	0.4	127.1	5.4	10.45	0.86	74.39	6.10	6.49	0.78	80.88	6.15
(0.283, 0.390) GeV/c	0.1	0.0	71.9	6.5	15.8	1.9	27.5	0.5	5.4	0.5	120.7	6.9	0.09	0.01	31.38	2.52	6.21	0.74	37.59	2.62
(0.390, 0.508) GeV/c	0.0	0.0	61.9	5.6	20.2	2.5	3.3	0.1	4.6	0.4	89.9	6.2	0.00	0.00	3.98	0.31	5.60	0.66	9.58	0.73
(0.508, 0.691) GeV/c	0.0	0.0	51.6	4.7	32.1	3.9	0.0	0.0	3.9	0.4	87.7	6.1	0.00	0.00	0.05	0.00	4.63	0.54	4.67	0.54
(0.691, 1.000) GeV/c	0.0	0.0	32.8	3.0	47.3	5.8	0.0	0.0	2.3	0.2	82.4	6.5	0.00	0.00	0.00	0.00	2.82	0.34	2.82	0.34
