Dataset contains 3664 events.
***
pT range		NCohJ 	err 	NIncJ 	err 	NDiss 	err 	NCohP 	err 	NIncP 	err 	sum 	err 	fC 	err 	fD coh	err 	fD inc	err 	fD 	err
(0.000, 2.000) GeV/c	2906.9	58.5	358.0	32.5	190.0	23.9	182.6	3.7	26.8	2.4	3664.3	71.2
(0.200, 2.000) GeV/c	6.5	0.1	285.5	25.9	179.9	22.6	80.2	1.6	21.2	1.9	573.4	34.5	1.40	0.11	17.24	1.32	4.55	0.53	21.79	1.42
(0.200, 1.000) GeV/c	6.5	0.1	282.5	25.6	120.8	15.2	80.2	1.6	21.0	1.9	511.1	29.9	1.62	0.12	19.89	1.52	5.21	0.61	25.10	1.64
(0.200, 0.266) GeV/c	6.5	0.1	45.7	4.2	7.3	0.9	41.8	0.8	3.5	0.3	104.8	4.3	12.19	1.01	78.86	6.52	6.67	0.81	85.54	6.57
(0.266, 0.336) GeV/c	0.1	0.0	50.4	4.6	9.3	1.2	26.7	0.5	3.9	0.4	90.5	4.8	0.10	0.01	44.74	3.65	6.56	0.79	51.30	3.74
(0.336, 0.451) GeV/c	0.0	0.0	71.0	6.4	18.1	2.3	10.8	0.2	5.3	0.5	105.2	6.9	0.00	0.00	12.16	0.96	5.96	0.71	18.13	1.20
(0.451, 0.659) GeV/c	0.0	0.0	79.2	7.2	35.6	4.5	0.9	0.0	5.9	0.5	121.6	8.5	0.00	0.00	0.76	0.06	5.14	0.60	5.89	0.60
(0.659, 1.000) GeV/c	0.0	0.0	36.2	3.3	50.6	6.4	0.0	0.0	2.4	0.2	89.1	7.2	0.00	0.00	0.00	0.00	2.72	0.33	2.72	0.33
