Dataset contains 3664 events.
***
pT range		NCohJ 	err 	NIncJ 	err 	NDiss 	err 	NCohP 	err 	NIncP 	err 	sum 	err 	fC 	err 	fD coh	err 	fD inc	err 	fD 	err
(0.000, 2.000) GeV/c	2913.8	58.5	348.9	32.2	192.4	24.0	183.0	3.7	26.2	2.4	3664.3	71.1
(0.200, 2.000) GeV/c	6.0	0.1	278.3	25.7	182.2	22.8	80.4	1.6	20.7	1.9	567.6	34.4	1.30	0.10	17.46	1.35	4.48	0.53	21.95	1.45
(0.200, 1.000) GeV/c	6.0	0.1	275.3	25.4	122.3	15.3	80.4	1.6	20.5	1.9	504.6	29.8	1.51	0.12	20.22	1.56	5.15	0.61	25.37	1.68
(0.200, 0.266) GeV/c	5.9	0.1	44.6	4.1	7.4	0.9	41.9	0.8	3.4	0.3	103.2	4.3	11.42	0.96	80.67	6.75	6.64	0.82	87.31	6.80
(0.266, 0.336) GeV/c	0.1	0.0	49.2	4.5	9.4	1.2	26.8	0.5	3.8	0.4	89.3	4.7	0.12	0.01	45.74	3.78	6.52	0.80	52.26	3.86
(0.336, 0.451) GeV/c	0.0	0.0	69.2	6.4	18.3	2.3	10.9	0.2	5.2	0.5	103.5	6.8	0.00	0.00	12.41	1.00	5.92	0.71	18.33	1.22
(0.451, 0.659) GeV/c	0.0	0.0	77.2	7.1	36.1	4.5	0.9	0.0	5.7	0.5	119.8	8.5	0.00	0.00	0.77	0.06	5.07	0.60	5.84	0.61
(0.659, 1.000) GeV/c	0.0	0.0	35.2	3.3	51.2	6.4	0.0	0.0	2.3	0.2	88.7	7.2	0.00	0.00	0.00	0.00	2.66	0.33	2.66	0.33
