Dataset contains 3664 events.
***
pT range		NCohJ 	err 	NIncJ 	err 	NDiss 	err 	NCohP 	err 	NIncP 	err 	sum 	err 	fC 	err 	fD coh	err 	fD inc	err 	fD 	err
(0.000, 2.000) GeV/c	2901.5	58.5	364.6	32.7	188.3	23.8	182.2	3.7	27.3	2.5	3663.9	71.3
(0.200, 2.000) GeV/c	7.3	0.1	290.8	26.1	178.3	22.5	80.1	1.6	21.6	1.9	578.2	34.5	1.56	0.12	17.07	1.30	4.60	0.53	21.67	1.40
(0.200, 1.000) GeV/c	7.3	0.1	287.8	25.8	119.7	15.1	80.1	1.6	21.4	1.9	516.3	30.0	1.80	0.14	19.65	1.50	5.26	0.61	24.91	1.61
(0.200, 0.266) GeV/c	7.3	0.1	46.6	4.2	7.2	0.9	41.7	0.8	3.6	0.3	106.4	4.4	13.53	1.11	77.56	6.36	6.70	0.80	84.26	6.41
(0.266, 0.336) GeV/c	0.1	0.0	51.4	4.6	9.2	1.2	26.7	0.5	4.0	0.4	91.3	4.8	0.09	0.01	44.03	3.56	6.59	0.78	50.62	3.65
(0.336, 0.451) GeV/c	0.0	0.0	72.3	6.5	17.9	2.3	10.8	0.2	5.4	0.5	106.5	6.9	0.00	0.00	11.98	0.94	6.00	0.70	17.98	1.18
(0.451, 0.659) GeV/c	0.0	0.0	80.7	7.2	35.3	4.5	0.9	0.0	6.0	0.5	122.8	8.5	0.00	0.00	0.75	0.06	5.18	0.60	5.93	0.60
(0.659, 1.000) GeV/c	0.0	0.0	36.8	3.3	50.1	6.3	0.0	0.0	2.4	0.2	89.3	7.1	0.00	0.00	0.00	0.00	2.77	0.34	2.77	0.34
