Dataset contains 3664 events.
***
pT range		NCohJ 	err 	NIncJ 	err 	NDiss 	err 	NCohP 	err 	NIncP 	err 	sum 	err 	fC 	err 	fD coh	err 	fD inc	err 	fD 	err
(0.000, 2.000) GeV/c	2909.4	58.5	354.8	32.4	190.8	23.9	182.7	3.7	26.6	2.4	3664.3	71.2
(0.200, 2.000) GeV/c	6.2	0.1	283.0	25.9	180.7	22.7	80.3	1.6	21.0	1.9	571.2	34.5	1.34	0.10	17.32	1.33	4.53	0.53	21.84	1.43
(0.200, 1.000) GeV/c	6.2	0.1	280.0	25.6	121.3	15.2	80.3	1.6	20.8	1.9	508.7	29.9	1.55	0.12	20.01	1.54	5.19	0.61	25.20	1.65
(0.200, 0.266) GeV/c	6.1	0.1	45.3	4.1	7.3	0.9	41.8	0.8	3.5	0.3	104.1	4.3	11.68	0.97	79.49	6.60	6.66	0.81	86.15	6.65
(0.266, 0.336) GeV/c	0.1	0.0	50.0	4.6	9.3	1.2	26.8	0.5	3.9	0.4	90.0	4.8	0.10	0.01	45.09	3.70	6.54	0.79	51.63	3.78
(0.336, 0.451) GeV/c	0.0	0.0	70.4	6.4	18.1	2.3	10.8	0.2	5.3	0.5	104.6	6.8	0.00	0.00	12.25	0.98	5.95	0.71	18.20	1.21
(0.451, 0.659) GeV/c	0.0	0.0	78.5	7.2	35.8	4.5	0.9	0.0	5.8	0.5	121.0	8.5	0.00	0.00	0.76	0.06	5.11	0.60	5.88	0.60
(0.659, 1.000) GeV/c	0.0	0.0	35.8	3.3	50.8	6.4	0.0	0.0	2.3	0.2	89.0	7.2	0.00	0.00	0.00	0.00	2.70	0.33	2.70	0.33
