416477
40646
20745
322048
553878
547472
45242
167300
96584
39221
333840
15014
71641
156156
144176
15362
156827
24491
172426
118895
395477
149744
29163
67993
446973
282917
142222
291036
56818
281601
37309
98129
174902
277345
194433
202476
199366
341323
298887
68489
60290
124189
120043
244654
158459
54255
203146
239905
124039
44137
417995
405790
21039
101040
353293
0
122846
76244
33809
31561
11698
189986
24081
8408
32386
9731
105402
100357
298122
327911
379076
69121
32567
19968
173771
138433
386534
284648
106743
429053
104591
71683
56321
425570
428764
107890
88366
96956
27124
205766
75283
378794
21400
294471
198207
82377
