Dataset contains 3633 events.
***
pT range		NCohJ 	err 	NIncJ 	err 	NDiss 	err 	NCohP 	err 	NIncP 	err 	sum 	err 	fC 	err 	fD coh	err 	fD inc	err 	fD 	err
(0.000, 2.000) GeV/c	2874.4	57.9	342.3	32.5	188.4	24.4	202.4	4.1	25.2	2.4	3632.8	70.9
(0.200, 2.000) GeV/c	7.9	0.2	273.1	25.9	178.5	23.1	89.8	1.8	20.0	1.9	569.3	34.8	1.75	0.14	19.89	1.58	4.43	0.54	24.32	1.67
(0.200, 1.000) GeV/c	7.9	0.2	270.2	25.7	119.8	15.5	89.8	1.8	19.9	1.9	507.6	30.1	2.02	0.16	23.03	1.83	5.09	0.62	28.12	1.93
(0.200, 0.280) GeV/c	7.8	0.2	53.2	5.0	8.9	1.2	54.8	1.1	4.1	0.4	128.8	5.3	12.64	1.08	88.24	7.57	6.63	0.84	94.87	7.62
(0.280, 0.375) GeV/c	0.0	0.0	64.0	6.1	13.3	1.7	29.6	0.6	4.8	0.5	111.8	6.4	0.05	0.00	38.34	3.23	6.27	0.79	44.62	3.32
(0.375, 0.569) GeV/c	0.0	0.0	93.8	8.9	32.1	4.2	5.4	0.1	6.8	0.6	138.1	9.8	0.00	0.00	4.29	0.35	5.42	0.67	9.70	0.75
(0.569, 1.000) GeV/c	0.0	0.0	59.3	5.6	65.5	8.5	0.0	0.0	4.1	0.4	128.9	10.2	0.00	0.00	0.00	0.00	3.28	0.41	3.28	0.41
