Dataset contains 3633 events.
***
pT range		NCohJ 	err 	NIncJ 	err 	NDiss 	err 	NCohP 	err 	NIncP 	err 	sum 	err 	fC 	err 	fD coh	err 	fD inc	err 	fD 	err
(0.000, 2.000) GeV/c	2871.8	57.9	345.8	32.6	187.5	24.4	202.2	4.1	25.5	2.4	3632.8	71.0
(0.200, 2.000) GeV/c	8.3	0.2	275.9	26.0	177.6	23.1	89.7	1.8	20.2	1.9	571.8	34.9	1.83	0.15	19.78	1.57	4.46	0.54	24.24	1.66
(0.200, 1.000) GeV/c	8.3	0.2	273.0	25.7	119.2	15.5	89.7	1.8	20.1	1.9	510.3	30.2	2.12	0.17	22.88	1.81	5.12	0.62	27.99	1.92
(0.200, 0.280) GeV/c	8.3	0.2	53.7	5.1	8.9	1.2	54.7	1.1	4.2	0.4	129.7	5.3	13.22	1.13	87.46	7.47	6.64	0.83	94.10	7.52
(0.280, 0.375) GeV/c	0.0	0.0	64.6	6.1	13.2	1.7	29.6	0.6	4.9	0.5	112.4	6.4	0.05	0.00	38.02	3.19	6.29	0.78	44.31	3.28
(0.375, 0.569) GeV/c	0.0	0.0	94.7	8.9	32.0	4.2	5.4	0.1	6.9	0.6	138.9	9.9	0.00	0.00	4.25	0.34	5.44	0.66	9.69	0.75
(0.569, 1.000) GeV/c	0.0	0.0	59.9	5.6	65.2	8.5	0.0	0.0	4.1	0.4	129.2	10.2	0.00	0.00	0.00	0.00	3.30	0.41	3.30	0.41
