Dataset contains 3633 events.
***
pT range		NCohJ 	err 	NIncJ 	err 	NDiss 	err 	NCohP 	err 	NIncP 	err 	sum 	err 	fC 	err 	fD coh	err 	fD inc	err 	fD 	err
(0.000, 2.000) GeV/c	2891.0	57.8	320.3	31.8	194.3	24.8	203.5	4.1	23.6	2.3	3632.8	70.7
(0.200, 2.000) GeV/c	6.3	0.1	255.6	25.4	184.0	23.5	90.3	1.8	18.7	1.9	554.9	34.6	1.43	0.12	20.55	1.67	4.26	0.54	24.81	1.75
(0.200, 1.000) GeV/c	6.3	0.1	252.8	25.1	123.5	15.8	90.3	1.8	18.6	1.8	491.6	29.7	1.67	0.14	24.00	1.95	4.94	0.63	28.94	2.05
(0.200, 0.280) GeV/c	6.3	0.1	49.7	4.9	9.2	1.2	55.1	1.1	3.8	0.4	124.1	5.2	10.62	0.94	93.48	8.26	6.53	0.86	100.01	8.30
(0.280, 0.375) GeV/c	0.0	0.0	59.9	5.9	13.7	1.7	29.8	0.6	4.5	0.5	108.0	6.2	0.05	0.00	40.50	3.50	6.17	0.80	46.67	3.59
(0.375, 0.569) GeV/c	0.0	0.0	87.7	8.7	33.1	4.2	5.4	0.1	6.4	0.6	132.7	9.7	0.00	0.00	4.49	0.37	5.28	0.67	9.77	0.77
(0.569, 1.000) GeV/c	0.0	0.0	55.5	5.5	67.5	8.6	0.0	0.0	3.8	0.4	126.8	10.2	0.00	0.00	0.00	0.00	3.11	0.40	3.11	0.40
