Dataset contains 3633 events.
***
pT range		NCohJ 	err 	NIncJ 	err 	NDiss 	err 	NCohP 	err 	NIncP 	err 	sum 	err 	fC 	err 	fD coh	err 	fD inc	err 	fD 	err
(0.000, 2.000) GeV/c	2876.9	57.9	339.1	32.4	189.3	24.5	202.5	4.1	25.0	2.4	3632.8	70.9
(0.200, 2.000) GeV/c	7.4	0.1	270.5	25.8	179.3	23.2	89.9	1.8	19.8	1.9	566.9	34.8	1.65	0.13	19.98	1.59	4.41	0.54	24.39	1.68
(0.200, 1.000) GeV/c	7.4	0.1	267.6	25.6	120.3	15.6	89.9	1.8	19.7	1.9	505.0	30.0	1.91	0.15	23.17	1.85	5.07	0.62	28.24	1.95
(0.200, 0.280) GeV/c	7.4	0.1	52.7	5.0	8.9	1.2	54.8	1.1	4.1	0.4	127.9	5.3	11.99	1.03	88.98	7.67	6.61	0.84	95.60	7.72
(0.280, 0.375) GeV/c	0.0	0.0	63.4	6.1	13.4	1.7	29.7	0.6	4.8	0.5	111.2	6.3	0.04	0.00	38.65	3.27	6.26	0.79	44.91	3.36
(0.375, 0.569) GeV/c	0.0	0.0	92.9	8.9	32.2	4.2	5.4	0.1	6.8	0.6	137.3	9.8	0.00	0.00	4.32	0.35	5.40	0.67	9.71	0.75
(0.569, 1.000) GeV/c	0.0	0.0	58.7	5.6	65.8	8.5	0.0	0.0	4.0	0.4	128.6	10.2	0.00	0.00	0.00	0.00	3.25	0.41	3.25	0.41
