Dataset contains 3633 events.
***
pT range		NCohJ 	err 	NIncJ 	err 	NDiss 	err 	NCohP 	err 	NIncP 	err 	sum 	err 	fC 	err 	fD coh	err 	fD inc	err 	fD 	err
(0.000, 2.000) GeV/c	2881.5	57.9	333.0	32.2	190.9	24.6	202.9	4.1	24.5	2.4	3632.8	70.8
(0.200, 2.000) GeV/c	6.5	0.1	265.7	25.7	180.8	23.3	90.0	1.8	19.5	1.9	562.5	34.8	1.47	0.12	20.16	1.62	4.36	0.54	24.52	1.71
(0.200, 1.000) GeV/c	6.5	0.1	262.9	25.4	121.4	15.6	90.0	1.8	19.3	1.9	500.1	29.9	1.70	0.14	23.43	1.88	5.03	0.62	28.46	1.98
(0.200, 0.280) GeV/c	6.5	0.1	51.7	5.0	9.0	1.2	54.9	1.1	4.0	0.4	126.2	5.3	10.73	0.93	90.40	7.85	6.59	0.85	96.99	7.90
(0.280, 0.375) GeV/c	0.0	0.0	62.2	6.0	13.5	1.7	29.7	0.6	4.7	0.5	110.2	6.3	0.03	0.00	39.23	3.34	6.23	0.79	45.46	3.43
(0.375, 0.569) GeV/c	0.0	0.0	91.2	8.8	32.5	4.2	5.4	0.1	6.6	0.6	135.8	9.8	0.00	0.00	4.37	0.36	5.36	0.67	9.73	0.76
(0.569, 1.000) GeV/c	0.0	0.0	57.7	5.6	66.3	8.5	0.0	0.0	4.0	0.4	128.0	10.2	0.00	0.00	0.00	0.00	3.21	0.41	3.21	0.41
