Dataset contains 3633 events.
***
pT range		NCohJ 	err 	NIncJ 	err 	NDiss 	err 	NCohP 	err 	NIncP 	err 	sum 	err 	fC 	err 	fD coh	err 	fD inc	err 	fD 	err
(0.000, 2.000) GeV/c	2885.6	57.9	327.5	32.0	192.4	24.7	203.1	4.1	24.1	2.4	3632.8	70.7
(0.200, 2.000) GeV/c	6.0	0.1	261.3	25.5	182.2	23.4	90.2	1.8	19.1	1.9	558.7	34.7	1.35	0.11	20.33	1.64	4.32	0.54	24.65	1.72
(0.200, 1.000) GeV/c	6.0	0.1	258.5	25.3	122.3	15.7	90.2	1.8	19.0	1.9	495.9	29.9	1.57	0.13	23.67	1.91	4.99	0.62	28.67	2.01
(0.200, 0.280) GeV/c	5.9	0.1	50.9	5.0	9.1	1.2	55.0	1.1	3.9	0.4	124.8	5.2	9.92	0.87	91.71	8.03	6.56	0.85	98.28	8.07
(0.280, 0.375) GeV/c	0.0	0.0	61.2	6.0	13.6	1.7	29.7	0.6	4.6	0.5	109.2	6.3	0.03	0.00	39.77	3.41	6.20	0.80	45.98	3.50
(0.375, 0.569) GeV/c	0.0	0.0	89.7	8.8	32.8	4.2	5.4	0.1	6.5	0.6	134.4	9.7	0.00	0.00	4.42	0.36	5.33	0.67	9.75	0.76
(0.569, 1.000) GeV/c	0.0	0.0	56.7	5.5	66.9	8.6	0.0	0.0	3.9	0.4	127.5	10.2	0.00	0.00	0.00	0.00	3.16	0.40	3.17	0.40
