Dataset contains 3633 events.
***
pT range		NCohJ 	err 	NIncJ 	err 	NDiss 	err 	NCohP 	err 	NIncP 	err 	sum 	err 	fC 	err 	fD coh	err 	fD inc	err 	fD 	err
(0.000, 2.000) GeV/c	2887.5	57.9	325.0	31.9	193.0	24.7	203.3	4.1	24.0	2.4	3632.8	70.7
(0.200, 2.000) GeV/c	5.9	0.1	259.3	25.5	182.8	23.4	90.2	1.8	19.0	1.9	557.2	34.7	1.33	0.11	20.40	1.65	4.30	0.54	24.70	1.73
(0.200, 1.000) GeV/c	5.9	0.1	256.5	25.2	122.7	15.7	90.2	1.8	18.9	1.9	494.2	29.8	1.55	0.13	23.79	1.92	4.97	0.62	28.76	2.02
(0.200, 0.280) GeV/c	5.8	0.1	50.5	5.0	9.1	1.2	55.0	1.1	3.9	0.4	124.4	5.2	9.81	0.86	92.32	8.11	6.55	0.85	98.88	8.15
(0.280, 0.375) GeV/c	0.0	0.0	60.7	6.0	13.6	1.7	29.8	0.6	4.6	0.5	108.8	6.3	0.03	0.00	40.03	3.44	6.19	0.80	46.22	3.53
(0.375, 0.569) GeV/c	0.0	0.0	89.0	8.7	32.9	4.2	5.4	0.1	6.5	0.6	133.8	9.7	0.00	0.00	4.45	0.36	5.31	0.67	9.76	0.76
(0.569, 1.000) GeV/c	0.0	0.0	56.3	5.5	67.1	8.6	0.0	0.0	3.9	0.4	127.3	10.2	0.00	0.00	0.00	0.00	3.14	0.40	3.15	0.40
