Dataset contains 3633 events.
***
pT range		NCohJ 	err 	NIncJ 	err 	NDiss 	err 	NCohP 	err 	NIncP 	err 	sum 	err 	fC 	err 	fD coh	err 	fD inc	err 	fD 	err
(0.000, 2.000) GeV/c	2889.3	57.9	322.6	31.9	193.7	24.7	203.4	4.1	23.8	2.3	3632.8	70.7
(0.200, 2.000) GeV/c	6.0	0.1	257.4	25.4	183.4	23.4	90.3	1.8	18.9	1.9	556.0	34.7	1.36	0.11	20.48	1.66	4.28	0.54	24.75	1.74
(0.200, 1.000) GeV/c	6.0	0.1	254.7	25.1	123.1	15.7	90.3	1.8	18.7	1.8	492.8	29.8	1.59	0.13	23.89	1.94	4.96	0.63	28.85	2.03
(0.200, 0.280) GeV/c	6.0	0.1	50.1	4.9	9.2	1.2	55.1	1.1	3.9	0.4	124.2	5.2	10.07	0.89	92.90	8.18	6.54	0.86	99.45	8.23
(0.280, 0.375) GeV/c	0.0	0.0	60.3	6.0	13.7	1.7	29.8	0.6	4.6	0.5	108.4	6.2	0.04	0.00	40.26	3.47	6.18	0.80	46.44	3.56
(0.375, 0.569) GeV/c	0.0	0.0	88.4	8.7	33.0	4.2	5.4	0.1	6.4	0.6	133.2	9.7	0.00	0.00	4.47	0.37	5.30	0.67	9.76	0.77
(0.569, 1.000) GeV/c	0.0	0.0	55.9	5.5	67.3	8.6	0.0	0.0	3.9	0.4	127.1	10.2	0.00	0.00	0.00	0.00	3.13	0.40	3.13	0.40
