Dataset contains 3633 events.
***
pT range		NCohJ 	err 	NIncJ 	err 	NDiss 	err 	NCohP 	err 	NIncP 	err 	sum 	err 	fC 	err 	fD coh	err 	fD inc	err 	fD 	err
(0.000, 2.000) GeV/c	2883.6	57.9	330.2	32.1	191.6	24.6	203.0	4.1	24.3	2.4	3632.8	70.8
(0.200, 2.000) GeV/c	6.2	0.1	263.4	25.6	181.5	23.3	90.1	1.8	19.3	1.9	560.5	34.7	1.39	0.11	20.25	1.63	4.34	0.54	24.59	1.72
(0.200, 1.000) GeV/c	6.2	0.1	260.6	25.3	121.8	15.7	90.1	1.8	19.2	1.9	497.9	29.9	1.62	0.13	23.55	1.89	5.01	0.62	28.57	1.99
(0.200, 0.280) GeV/c	6.2	0.1	51.3	5.0	9.1	1.2	54.9	1.1	4.0	0.4	125.4	5.3	10.21	0.89	91.06	7.94	6.58	0.85	97.64	7.99
(0.280, 0.375) GeV/c	0.0	0.0	61.7	6.0	13.5	1.7	29.7	0.6	4.7	0.5	109.7	6.3	0.03	0.00	39.51	3.38	6.22	0.79	45.72	3.47
(0.375, 0.569) GeV/c	0.0	0.0	90.4	8.8	32.6	4.2	5.4	0.1	6.6	0.6	135.1	9.8	0.00	0.00	4.40	0.36	5.34	0.67	9.74	0.76
(0.569, 1.000) GeV/c	0.0	0.0	57.2	5.6	66.6	8.6	0.0	0.0	3.9	0.4	127.7	10.2	0.00	0.00	0.00	0.00	3.18	0.41	3.19	0.41
