Dataset contains 3633 events.
***
pT range		NCohJ 	err 	NIncJ 	err 	NDiss 	err 	NCohP 	err 	NIncP 	err 	sum 	err 	fC 	err 	fD coh	err 	fD inc	err 	fD 	err
(0.000, 2.000) GeV/c	2879.2	57.9	336.0	32.3	190.1	24.5	202.7	4.1	24.8	2.4	3632.8	70.8
(0.200, 2.000) GeV/c	7.0	0.1	268.0	25.8	180.0	23.2	90.0	1.8	19.6	1.9	564.6	34.8	1.56	0.12	20.08	1.61	4.38	0.54	24.46	1.69
(0.200, 1.000) GeV/c	7.0	0.1	265.2	25.5	120.9	15.6	90.0	1.8	19.5	1.9	502.5	30.0	1.81	0.14	23.30	1.86	5.05	0.62	28.35	1.97
(0.200, 0.280) GeV/c	6.9	0.1	52.2	5.0	9.0	1.2	54.9	1.1	4.0	0.4	127.0	5.3	11.36	0.98	89.70	7.76	6.60	0.84	96.31	7.81
(0.280, 0.375) GeV/c	0.0	0.0	62.8	6.0	13.4	1.7	29.7	0.6	4.8	0.5	110.7	6.3	0.04	0.00	38.95	3.30	6.24	0.79	45.19	3.40
(0.375, 0.569) GeV/c	0.0	0.0	92.0	8.8	32.4	4.2	5.4	0.1	6.7	0.6	136.5	9.8	0.00	0.00	4.34	0.35	5.38	0.67	9.72	0.76
(0.569, 1.000) GeV/c	0.0	0.0	58.2	5.6	66.1	8.5	0.0	0.0	4.0	0.4	128.3	10.2	0.00	0.00	0.00	0.00	3.23	0.41	3.23	0.41
