Dataset contains 3633 events.
***
pT range		NCohJ 	err 	NIncJ 	err 	NDiss 	err 	NCohP 	err 	NIncP 	err 	sum 	err 	fC 	err 	fD coh	err 	fD inc	err 	fD 	err
(0.000, 2.000) GeV/c	2894.4	57.8	315.7	31.7	195.6	24.9	203.8	4.1	23.3	2.3	3632.8	70.6
(0.200, 2.000) GeV/c	7.7	0.2	251.9	25.3	185.2	23.6	90.4	1.8	18.5	1.9	553.7	34.7	1.76	0.14	20.69	1.69	4.22	0.54	24.91	1.77
(0.200, 1.000) GeV/c	7.7	0.2	249.2	25.0	124.4	15.8	90.4	1.8	18.3	1.8	490.0	29.7	2.06	0.17	24.21	1.98	4.91	0.63	29.11	2.08
(0.200, 0.280) GeV/c	7.6	0.2	49.0	4.9	9.2	1.2	55.2	1.1	3.8	0.4	124.9	5.2	13.10	1.17	94.64	8.43	6.51	0.86	101.15	8.48
(0.280, 0.375) GeV/c	0.1	0.0	59.0	5.9	13.8	1.8	29.8	0.6	4.5	0.4	107.2	6.2	0.07	0.01	40.98	3.57	6.14	0.81	47.12	3.66
(0.375, 0.569) GeV/c	0.0	0.0	86.5	8.7	33.3	4.2	5.4	0.1	6.3	0.6	131.5	9.7	0.00	0.00	4.53	0.38	5.25	0.68	9.78	0.77
(0.569, 1.000) GeV/c	0.0	0.0	54.7	5.5	68.0	8.7	0.0	0.0	3.8	0.4	126.4	10.3	0.00	0.00	0.00	0.00	3.07	0.40	3.08	0.40
