Dataset contains 3733 events.
***
pT range		NCohJ 	err 	NIncJ 	err 	NDiss 	err 	NCohP 	err 	NIncP 	err 	sum 	err 	fC 	err 	fD coh	err 	fD inc	err 	fD 	err
(0.000, 2.000) GeV/c	2966.7	58.8	336.3	32.2	196.4	24.4	208.9	4.1	24.8	2.4	3733.1	71.5
(0.200, 2.000) GeV/c	8.7	0.2	267.6	25.6	186.0	23.2	91.7	1.8	19.6	1.9	573.6	34.6	1.92	0.15	20.22	1.59	4.31	0.53	24.53	1.68
(0.200, 1.000) GeV/c	8.7	0.2	264.7	25.4	124.9	15.5	91.7	1.8	19.4	1.9	509.4	29.9	2.23	0.18	23.55	1.86	4.98	0.61	28.53	1.96
(0.200, 0.282) GeV/c	8.7	0.2	53.2	5.1	9.5	1.2	56.7	1.1	4.1	0.4	132.2	5.4	13.80	1.18	90.30	7.74	6.46	0.82	96.76	7.79
(0.282, 0.382) GeV/c	0.0	0.0	65.9	6.3	14.7	1.8	30.5	0.6	4.9	0.5	116.0	6.6	0.04	0.00	37.88	3.18	6.06	0.76	43.93	3.27
(0.382, 0.572) GeV/c	0.0	0.0	87.7	8.4	32.9	4.1	4.5	0.1	6.4	0.6	131.6	9.4	0.00	0.00	3.75	0.30	5.32	0.66	9.07	0.72
(0.572, 1.000) GeV/c	0.0	0.0	57.8	5.5	67.7	8.4	0.0	0.0	4.0	0.4	129.6	10.1	0.00	0.00	0.00	0.00	3.22	0.40	3.22	0.40
