Dataset contains 3733 events.
***
pT range		NCohJ 	err 	NIncJ 	err 	NDiss 	err 	NCohP 	err 	NIncP 	err 	sum 	err 	fC 	err 	fD coh	err 	fD inc	err 	fD 	err
(0.000, 2.000) GeV/c	2961.2	58.8	343.8	32.4	194.4	24.3	208.5	4.1	25.3	2.4	3733.1	71.6
(0.200, 2.000) GeV/c	8.7	0.2	273.5	25.8	184.1	23.0	91.6	1.8	20.0	1.9	577.9	34.7	1.91	0.15	20.01	1.56	4.37	0.53	24.38	1.65
(0.200, 1.000) GeV/c	8.7	0.2	270.5	25.5	123.6	15.5	91.6	1.8	19.8	1.9	514.2	30.0	2.21	0.17	23.23	1.82	5.03	0.61	28.26	1.92
(0.200, 0.282) GeV/c	8.7	0.2	54.4	5.1	9.4	1.2	56.6	1.1	4.1	0.4	133.3	5.4	13.61	1.16	88.60	7.52	6.49	0.81	95.10	7.56
(0.282, 0.382) GeV/c	0.0	0.0	67.3	6.4	14.6	1.8	30.5	0.6	5.0	0.5	117.3	6.7	0.04	0.00	37.20	3.09	6.09	0.76	43.29	3.18
(0.382, 0.572) GeV/c	0.0	0.0	89.7	8.5	32.5	4.1	4.5	0.1	6.6	0.6	133.3	9.4	0.00	0.00	3.69	0.29	5.37	0.65	9.06	0.72
(0.572, 1.000) GeV/c	0.0	0.0	59.1	5.6	67.0	8.4	0.0	0.0	4.1	0.4	130.3	10.1	0.00	0.00	0.00	0.00	3.27	0.40	3.28	0.40
