Dataset contains 3733 events.
***
pT range		NCohJ 	err 	NIncJ 	err 	NDiss 	err 	NCohP 	err 	NIncP 	err 	sum 	err 	fC 	err 	fD coh	err 	fD inc	err 	fD 	err
(0.000, 2.000) GeV/c	2951.2	58.8	357.0	32.8	190.8	24.1	207.8	4.1	26.3	2.4	3733.1	71.7
(0.200, 2.000) GeV/c	8.7	0.2	284.1	26.1	180.7	22.8	91.3	1.8	20.8	1.9	585.5	34.8	1.88	0.15	19.64	1.52	4.47	0.53	24.10	1.61
(0.200, 1.000) GeV/c	8.7	0.2	281.0	25.8	121.3	15.3	91.3	1.8	20.6	1.9	522.8	30.1	2.17	0.17	22.69	1.75	5.12	0.61	27.80	1.85
(0.200, 0.282) GeV/c	8.7	0.2	56.5	5.2	9.3	1.2	56.4	1.1	4.3	0.4	135.2	5.5	13.25	1.10	85.73	7.14	6.54	0.80	92.28	7.19
(0.282, 0.382) GeV/c	0.0	0.0	69.9	6.4	14.3	1.8	30.4	0.6	5.2	0.5	119.8	6.7	0.04	0.00	36.05	2.95	6.15	0.75	42.21	3.04
(0.382, 0.572) GeV/c	0.0	0.0	93.1	8.6	31.9	4.0	4.5	0.1	6.8	0.6	136.4	9.5	0.00	0.00	3.60	0.28	5.45	0.65	9.05	0.71
(0.572, 1.000) GeV/c	0.0	0.0	61.4	5.6	65.8	8.3	0.0	0.0	4.3	0.4	131.5	10.0	0.00	0.00	0.00	0.00	3.37	0.41	3.38	0.41
