Dataset contains 3733 events.
***
pT range		NCohJ 	err 	NIncJ 	err 	NDiss 	err 	NCohP 	err 	NIncP 	err 	sum 	err 	fC 	err 	fD coh	err 	fD inc	err 	fD 	err
(0.000, 2.000) GeV/c	2945.5	58.8	364.6	33.0	188.8	24.0	207.4	4.1	26.9	2.4	3733.1	71.8
(0.200, 2.000) GeV/c	8.7	0.2	290.1	26.3	178.8	22.7	91.1	1.8	21.2	1.9	589.9	34.8	1.87	0.14	19.42	1.49	4.52	0.53	23.95	1.58
(0.200, 1.000) GeV/c	8.7	0.2	286.9	26.0	120.0	15.2	91.1	1.8	21.0	1.9	527.8	30.2	2.15	0.16	22.38	1.72	5.17	0.60	27.55	1.82
(0.200, 0.282) GeV/c	8.7	0.2	57.7	5.2	9.2	1.2	56.3	1.1	4.4	0.4	136.3	5.5	13.03	1.07	84.16	6.94	6.57	0.79	90.73	6.99
(0.282, 0.382) GeV/c	0.0	0.0	71.4	6.5	14.1	1.8	30.3	0.6	5.3	0.5	121.1	6.7	0.03	0.00	35.43	2.87	6.18	0.74	41.61	2.96
(0.382, 0.572) GeV/c	0.0	0.0	95.1	8.6	31.6	4.0	4.5	0.1	7.0	0.6	138.2	9.5	0.00	0.00	3.54	0.27	5.49	0.65	9.04	0.70
(0.572, 1.000) GeV/c	0.0	0.0	62.7	5.7	65.1	8.3	0.0	0.0	4.4	0.4	132.2	10.0	0.00	0.00	0.00	0.00	3.43	0.41	3.43	0.41
