Dataset contains 3733 events.
***
pT range		NCohJ 	err 	NIncJ 	err 	NDiss 	err 	NCohP 	err 	NIncP 	err 	sum 	err 	fC 	err 	fD coh	err 	fD inc	err 	fD 	err
(0.000, 2.000) GeV/c	2942.5	58.9	368.6	33.1	187.7	23.9	207.1	4.1	27.2	2.4	3733.1	71.8
(0.200, 2.000) GeV/c	8.7	0.2	293.3	26.3	177.8	22.6	91.0	1.8	21.4	1.9	592.3	34.8	1.86	0.14	19.31	1.47	4.55	0.53	23.86	1.57
(0.200, 1.000) GeV/c	8.7	0.2	290.1	26.0	119.4	15.2	91.0	1.8	21.3	1.9	530.4	30.3	2.14	0.16	22.22	1.70	5.19	0.60	27.41	1.80
(0.200, 0.282) GeV/c	8.7	0.2	58.3	5.2	9.1	1.2	56.2	1.1	4.4	0.4	136.9	5.5	12.92	1.06	83.34	6.83	6.59	0.79	89.92	6.88
(0.282, 0.382) GeV/c	0.0	0.0	72.2	6.5	14.1	1.8	30.3	0.6	5.3	0.5	121.9	6.8	0.03	0.00	35.10	2.83	6.20	0.74	41.30	2.92
(0.382, 0.572) GeV/c	0.0	0.0	96.2	8.6	31.4	4.0	4.5	0.1	7.0	0.6	139.1	9.5	0.00	0.00	3.52	0.27	5.52	0.64	9.03	0.70
(0.572, 1.000) GeV/c	0.0	0.0	63.4	5.7	64.7	8.2	0.0	0.0	4.4	0.4	132.6	10.0	0.00	0.00	0.00	0.00	3.46	0.41	3.46	0.41
