Dataset contains 3733 events.
***
pT range		NCohJ 	err 	NIncJ 	err 	NDiss 	err 	NCohP 	err 	NIncP 	err 	sum 	err 	fC 	err 	fD coh	err 	fD inc	err 	fD 	err
(0.000, 2.000) GeV/c	2956.5	58.8	350.0	32.6	192.7	24.2	208.1	4.1	25.8	2.4	3733.1	71.6
(0.200, 2.000) GeV/c	8.7	0.2	278.5	25.9	182.5	22.9	91.4	1.8	20.4	1.9	581.5	34.7	1.90	0.15	19.83	1.54	4.42	0.53	24.25	1.63
(0.200, 1.000) GeV/c	8.7	0.2	275.4	25.7	122.5	15.4	91.4	1.8	20.2	1.9	518.3	30.0	2.20	0.17	22.97	1.79	5.07	0.61	28.05	1.89
(0.200, 0.282) GeV/c	8.7	0.2	55.4	5.2	9.4	1.2	56.5	1.1	4.2	0.4	134.2	5.4	13.44	1.13	87.23	7.34	6.52	0.81	93.75	7.38
(0.282, 0.382) GeV/c	0.0	0.0	68.5	6.4	14.4	1.8	30.4	0.6	5.1	0.5	118.5	6.7	0.04	0.00	36.65	3.02	6.12	0.75	42.78	3.11
(0.382, 0.572) GeV/c	0.0	0.0	91.3	8.5	32.3	4.1	4.5	0.1	6.7	0.6	134.8	9.4	0.00	0.00	3.65	0.29	5.41	0.65	9.06	0.71
(0.572, 1.000) GeV/c	0.0	0.0	60.2	5.6	66.4	8.3	0.0	0.0	4.2	0.4	130.8	10.1	0.00	0.00	0.00	0.00	3.32	0.41	3.33	0.41
