Dataset contains 3733 events.
***
pT range		NCohJ 	err 	NIncJ 	err 	NDiss 	err 	NCohP 	err 	NIncP 	err 	sum 	err 	fC 	err 	fD coh	err 	fD inc	err 	fD 	err
(0.000, 2.000) GeV/c	2958.9	58.8	346.8	32.5	193.5	24.3	208.3	4.1	25.6	2.4	3733.1	71.6
(0.200, 2.000) GeV/c	8.7	0.2	275.9	25.9	183.3	23.0	91.5	1.8	20.2	1.9	579.6	34.7	1.90	0.15	19.92	1.55	4.39	0.53	24.32	1.64
(0.200, 1.000) GeV/c	8.7	0.2	272.9	25.6	123.0	15.4	91.5	1.8	20.0	1.9	516.2	30.0	2.20	0.17	23.11	1.80	5.05	0.61	28.16	1.90
(0.200, 0.282) GeV/c	8.7	0.2	54.9	5.1	9.4	1.2	56.5	1.1	4.2	0.4	133.7	5.4	13.53	1.14	87.94	7.43	6.50	0.81	94.44	7.48
(0.282, 0.382) GeV/c	0.0	0.0	67.9	6.4	14.5	1.8	30.4	0.6	5.0	0.5	117.9	6.7	0.04	0.00	36.94	3.06	6.11	0.75	43.04	3.15
(0.382, 0.572) GeV/c	0.0	0.0	90.5	8.5	32.4	4.1	4.5	0.1	6.6	0.6	134.0	9.4	0.00	0.00	3.67	0.29	5.39	0.65	9.06	0.71
(0.572, 1.000) GeV/c	0.0	0.0	59.6	5.6	66.7	8.4	0.0	0.0	4.2	0.4	130.6	10.1	0.00	0.00	0.00	0.00	3.30	0.41	3.30	0.41
