Dataset contains 3733 events.
***
pT range		NCohJ 	err 	NIncJ 	err 	NDiss 	err 	NCohP 	err 	NIncP 	err 	sum 	err 	fC 	err 	fD coh	err 	fD inc	err 	fD 	err
(0.000, 2.000) GeV/c	2948.4	58.8	360.7	32.9	189.8	24.0	207.6	4.1	26.6	2.4	3733.1	71.7
(0.200, 2.000) GeV/c	8.7	0.2	287.0	26.2	179.7	22.8	91.2	1.8	21.0	1.9	587.7	34.8	1.87	0.14	19.53	1.50	4.50	0.53	24.03	1.59
(0.200, 1.000) GeV/c	8.7	0.2	283.9	25.9	120.7	15.3	91.2	1.8	20.8	1.9	525.3	30.2	2.16	0.17	22.54	1.73	5.14	0.60	27.68	1.84
(0.200, 0.282) GeV/c	8.7	0.2	57.1	5.2	9.2	1.2	56.3	1.1	4.3	0.4	135.7	5.5	13.14	1.09	84.95	7.04	6.56	0.80	91.51	7.09
(0.282, 0.382) GeV/c	0.0	0.0	70.6	6.4	14.2	1.8	30.3	0.6	5.2	0.5	120.4	6.7	0.03	0.00	35.74	2.91	6.17	0.74	41.91	3.00
(0.382, 0.572) GeV/c	0.0	0.0	94.1	8.6	31.8	4.0	4.5	0.1	6.9	0.6	137.3	9.5	0.00	0.00	3.57	0.28	5.47	0.65	9.04	0.70
(0.572, 1.000) GeV/c	0.0	0.0	62.0	5.7	65.4	8.3	0.0	0.0	4.3	0.4	131.8	10.0	0.00	0.00	0.00	0.00	3.40	0.41	3.40	0.41
