Dataset contains 3733 events.
***
pT range		NCohJ 	err 	NIncJ 	err 	NDiss 	err 	NCohP 	err 	NIncP 	err 	sum 	err 	fC 	err 	fD coh	err 	fD inc	err 	fD 	err
(0.000, 2.000) GeV/c	2963.2	58.8	341.1	32.4	195.1	24.4	208.6	4.1	25.1	2.4	3733.1	71.6
(0.200, 2.000) GeV/c	8.7	0.2	271.4	25.8	184.8	23.1	91.6	1.8	19.8	1.9	576.4	34.7	1.91	0.15	20.08	1.57	4.35	0.53	24.43	1.66
(0.200, 1.000) GeV/c	8.7	0.2	268.4	25.5	124.0	15.5	91.6	1.8	19.7	1.9	512.5	29.9	2.22	0.17	23.34	1.83	5.01	0.61	28.36	1.93
(0.200, 0.282) GeV/c	8.7	0.2	54.0	5.1	9.5	1.2	56.6	1.1	4.1	0.4	132.9	5.4	13.68	1.17	89.21	7.60	6.48	0.82	95.69	7.64
(0.282, 0.382) GeV/c	0.0	0.0	66.8	6.3	14.6	1.8	30.5	0.6	4.9	0.5	116.9	6.6	0.04	0.00	37.44	3.12	6.08	0.76	43.52	3.21
(0.382, 0.572) GeV/c	0.0	0.0	89.0	8.4	32.7	4.1	4.5	0.1	6.5	0.6	132.7	9.4	0.00	0.00	3.71	0.30	5.35	0.65	9.07	0.72
(0.572, 1.000) GeV/c	0.0	0.0	58.7	5.6	67.3	8.4	0.0	0.0	4.1	0.4	130.1	10.1	0.00	0.00	0.00	0.00	3.25	0.40	3.26	0.40
