Dataset contains 3733 events.
***
pT range		NCohJ 	err 	NIncJ 	err 	NDiss 	err 	NCohP 	err 	NIncP 	err 	sum 	err 	fC 	err 	fD coh	err 	fD inc	err 	fD 	err
(0.000, 2.000) GeV/c	2965.0	58.8	338.6	32.3	195.8	24.4	208.7	4.1	25.0	2.4	3733.1	71.5
(0.200, 2.000) GeV/c	8.7	0.2	269.4	25.7	185.4	23.1	91.7	1.8	19.7	1.9	574.9	34.7	1.91	0.15	20.16	1.58	4.33	0.53	24.49	1.67
(0.200, 1.000) GeV/c	8.7	0.2	266.5	25.4	124.5	15.5	91.7	1.8	19.5	1.9	510.9	29.9	2.23	0.18	23.45	1.85	4.99	0.61	28.45	1.94
(0.200, 0.282) GeV/c	8.7	0.2	53.6	5.1	9.5	1.2	56.7	1.1	4.1	0.4	132.5	5.4	13.75	1.17	89.77	7.67	6.47	0.82	96.24	7.72
(0.282, 0.382) GeV/c	0.0	0.0	66.3	6.3	14.7	1.8	30.5	0.6	4.9	0.5	116.4	6.6	0.04	0.00	37.67	3.15	6.07	0.76	43.74	3.24
(0.382, 0.572) GeV/c	0.0	0.0	88.3	8.4	32.8	4.1	4.5	0.1	6.5	0.6	132.1	9.4	0.00	0.00	3.73	0.30	5.34	0.66	9.07	0.72
(0.572, 1.000) GeV/c	0.0	0.0	58.2	5.6	67.5	8.4	0.0	0.0	4.1	0.4	129.8	10.1	0.00	0.00	0.00	0.00	3.23	0.40	3.24	0.40
