Dataset contains 3733 events.
***
pT range		NCohJ 	err 	NIncJ 	err 	NDiss 	err 	NCohP 	err 	NIncP 	err 	sum 	err 	fC 	err 	fD coh	err 	fD inc	err 	fD 	err
(0.000, 2.000) GeV/c	2968.3	58.8	334.2	32.2	197.0	24.5	209.0	4.1	24.6	2.4	3733.1	71.5
(0.200, 2.000) GeV/c	8.7	0.2	265.9	25.6	186.6	23.2	91.8	1.8	19.4	1.9	572.4	34.6	1.92	0.15	20.28	1.60	4.30	0.53	24.58	1.68
(0.200, 1.000) GeV/c	8.7	0.2	263.0	25.3	125.3	15.6	91.8	1.8	19.3	1.9	508.0	29.8	2.24	0.18	23.64	1.87	4.96	0.61	28.60	1.97
(0.200, 0.282) GeV/c	8.7	0.2	52.9	5.1	9.6	1.2	56.7	1.1	4.0	0.4	131.9	5.4	13.85	1.19	90.79	7.81	6.45	0.82	97.24	7.85
(0.282, 0.382) GeV/c	0.0	0.0	65.4	6.3	14.8	1.8	30.5	0.6	4.8	0.5	115.6	6.6	0.04	0.00	38.07	3.20	6.05	0.76	44.12	3.29
(0.382, 0.572) GeV/c	0.0	0.0	87.2	8.4	33.0	4.1	4.5	0.1	6.4	0.6	131.1	9.4	0.00	0.00	3.77	0.30	5.31	0.66	9.07	0.72
(0.572, 1.000) GeV/c	0.0	0.0	57.5	5.5	67.9	8.4	0.0	0.0	4.0	0.4	129.4	10.1	0.00	0.00	0.00	0.00	3.20	0.40	3.21	0.40
