Dataset contains 3733 events.
***
pT range		NCohJ 	err 	NIncJ 	err 	NDiss 	err 	NCohP 	err 	NIncP 	err 	sum 	err 	fC 	err 	fD coh	err 	fD inc	err 	fD 	err
(0.000, 2.000) GeV/c	2953.9	58.8	353.4	32.7	191.7	24.1	208.0	4.1	26.0	2.4	3733.1	71.7
(0.200, 2.000) GeV/c	8.7	0.2	281.2	26.0	181.6	22.9	91.3	1.8	20.6	1.9	583.4	34.7	1.89	0.15	19.74	1.53	4.44	0.53	24.18	1.62
(0.200, 1.000) GeV/c	8.7	0.2	278.1	25.7	121.9	15.4	91.3	1.8	20.4	1.9	520.5	30.1	2.18	0.17	22.83	1.77	5.10	0.61	27.93	1.87
(0.200, 0.282) GeV/c	8.7	0.2	55.9	5.2	9.3	1.2	56.4	1.1	4.3	0.4	134.7	5.4	13.35	1.12	86.49	7.24	6.53	0.80	93.02	7.29
(0.282, 0.382) GeV/c	0.0	0.0	69.2	6.4	14.4	1.8	30.4	0.6	5.1	0.5	119.1	6.7	0.04	0.00	36.36	2.98	6.14	0.75	42.50	3.08
(0.382, 0.572) GeV/c	0.0	0.0	92.2	8.5	32.1	4.0	4.5	0.1	6.7	0.6	135.6	9.5	0.00	0.00	3.62	0.28	5.43	0.65	9.05	0.71
(0.572, 1.000) GeV/c	0.0	0.0	60.8	5.6	66.1	8.3	0.0	0.0	4.2	0.4	131.2	10.1	0.00	0.00	0.00	0.00	3.35	0.41	3.35	0.41
