Dataset contains 3664 events.
***
pT range		NCohJ 	err 	NIncJ 	err 	NDiss 	err 	NCohP 	err 	NIncP 	err 	sum 	err 	fC 	err 	fD coh	err 	fD inc	err 	fD 	err
(0.000, 2.000) GeV/c	2922.8	58.5	337.0	31.9	195.6	24.3	183.6	3.7	25.3	2.4	3664.3	71.0
(0.200, 2.000) GeV/c	8.8	0.2	268.8	25.4	185.3	23.0	80.7	1.6	19.9	1.9	563.5	34.4	1.95	0.15	17.76	1.39	4.39	0.53	22.16	1.49
(0.200, 1.000) GeV/c	8.8	0.2	266.0	25.2	124.4	15.4	80.7	1.6	19.8	1.9	499.7	29.6	2.26	0.18	20.66	1.62	5.07	0.61	25.73	1.73
(0.200, 0.266) GeV/c	8.7	0.2	43.0	4.1	7.5	0.9	42.0	0.8	3.3	0.3	104.6	4.3	17.29	1.47	83.15	7.07	6.59	0.83	89.74	7.12
(0.266, 0.336) GeV/c	0.1	0.0	47.5	4.5	9.6	1.2	26.9	0.5	3.7	0.3	87.8	4.7	0.18	0.01	47.10	3.95	6.46	0.81	53.56	4.03
(0.336, 0.451) GeV/c	0.0	0.0	66.9	6.3	18.6	2.3	10.9	0.2	5.0	0.5	101.3	6.8	0.00	0.00	12.75	1.04	5.85	0.72	18.60	1.26
(0.451, 0.659) GeV/c	0.0	0.0	74.6	7.1	36.7	4.5	0.9	0.0	5.5	0.5	117.6	8.4	0.00	0.00	0.79	0.06	4.99	0.60	5.78	0.61
(0.659, 1.000) GeV/c	0.0	0.0	34.0	3.2	52.1	6.5	0.0	0.0	2.2	0.2	88.3	7.2	0.00	0.00	0.00	0.00	2.58	0.33	2.58	0.33
