2189
9502
9052
20953
1301
1593
28074
3877
7673
4550
6771
72947
34389
98078
20267
35248
4535
8242
7128
4195
8958
19324
52311
56118
110098
25508
26388
107075
26532
176614
68254
60981
8027
152467
161708
18192
204698
87903
76989
12565
93206
110346
107216
81187
56981
73959
32610
287463
159034
90026
20716
100525
108858
17798
16442
101746
149530
139948
33662
22412
117221
94475
215414
113254
74488
20441
258971
26501
175122
41813
113893
80408
28782
16130
42425
49616
69675
440905
80927
49227
204182
79015
382072
32432
66961
117187
311294
91981
79849
316658
303895
80585
108783
58101
66031
264853
159347
142964
57620
55935
18556
179141
33181
146001
456413
128947
23754
25419
55823
79351
222079
87930
23111
31295
16184
110009
39131
167793
113017
14159
52104
110675
