443015
39800
20552
321041
528518
529488
44257
166183
95264
39556
306838
14770
69678
151985
142114
14803
160742
24618
174957
117623
376151
152255
28452
61811
445419
290514
146643
277216
59527
271102
35150
98052
167077
265353
184756
196932
189914
343359
303400
63651
59877
127570
122037
249603
167237
54354
189239
213587
112496
41912
407096
383421
19216
97214
354827
494677
134594
73933
30957
31045
11701
178898
23536
8014
31009
9715
102060
100091
289584
328763
371524
69142
32577
20915
164452
137737
380434
280094
101756
407662
101853
71554
52139
397656
399667
109124
85843
95535
24295
207657
72415
378799
20356
292334
188821
80398
