Dataset contains 3664 events.
***
pT range		NCohJ 	err 	NIncJ 	err 	NDiss 	err 	NCohP 	err 	NIncP 	err 	sum 	err 	fC 	err 	fD coh	err 	fD inc	err 	fD 	err
(0.000, 2.000) GeV/c	2871.3	58.4	405.0	33.1	178.5	23.1	180.2	3.7	30.4	2.5	3665.4	71.1
(0.200, 2.000) GeV/c	0.1	0.0	323.0	26.4	169.1	21.9	79.2	1.6	24.0	2.0	595.4	34.4	0.01	0.00	16.09	1.17	4.87	0.52	20.96	1.28
(0.200, 1.000) GeV/c	0.0	0.0	319.6	26.1	113.5	14.7	79.2	1.6	23.8	1.9	536.2	30.1	0.01	0.00	18.29	1.32	5.49	0.59	23.78	1.44
(0.200, 0.283) GeV/c	0.0	0.0	65.6	5.4	8.8	1.1	49.5	1.0	5.1	0.4	129.0	5.6	0.02	0.00	66.50	5.09	6.84	0.75	73.34	5.14
(0.283, 0.390) GeV/c	0.0	0.0	84.2	6.9	14.4	1.9	26.6	0.5	6.4	0.5	131.6	7.2	0.00	0.00	26.95	2.03	6.51	0.71	33.46	2.15
(0.390, 0.572) GeV/c	0.0	0.0	100.3	8.2	28.7	3.7	3.1	0.1	7.5	0.6	139.6	9.0	0.00	0.00	2.42	0.18	5.78	0.62	8.21	0.65
(0.572, 1.000) GeV/c	0.0	0.0	69.5	5.7	61.6	8.0	0.0	0.0	4.8	0.4	135.9	9.8	0.00	0.00	0.00	0.00	3.67	0.41	3.67	0.41
