Dataset contains 3664 events.
***
pT range		NCohJ 	err 	NIncJ 	err 	NDiss 	err 	NCohP 	err 	NIncP 	err 	sum 	err 	fC 	err 	fD coh	err 	fD inc	err 	fD 	err
(0.000, 2.000) GeV/c	2908.4	58.5	356.1	32.4	190.4	23.9	182.6	3.7	26.7	2.4	3664.3	71.2
(0.200, 2.000) GeV/c	6.3	0.1	284.0	25.9	180.4	22.7	80.1	1.6	21.1	1.9	571.9	34.5	1.36	0.10	17.25	1.32	4.55	0.53	21.80	1.43
(0.200, 1.000) GeV/c	6.3	0.1	281.0	25.6	121.1	15.2	80.1	1.6	20.9	1.9	509.4	29.9	1.57	0.12	19.92	1.53	5.21	0.61	25.13	1.65
(0.200, 0.283) GeV/c	6.3	0.1	57.7	5.3	9.4	1.2	50.5	1.0	4.4	0.4	128.3	5.5	9.35	0.77	75.29	6.23	6.56	0.80	81.85	6.28
(0.283, 0.390) GeV/c	0.0	0.0	74.1	6.7	15.4	1.9	26.6	0.5	5.6	0.5	121.6	7.1	0.02	0.00	29.74	2.41	6.23	0.75	35.97	2.52
(0.390, 0.572) GeV/c	0.0	0.0	88.1	8.0	30.6	3.9	3.0	0.1	6.6	0.6	128.4	8.9	0.00	0.00	2.53	0.20	5.55	0.66	8.08	0.68
(0.572, 1.000) GeV/c	0.0	0.0	61.1	5.6	65.7	8.3	0.0	0.0	4.4	0.4	131.1	10.0	0.00	0.00	0.00	0.00	3.45	0.41	3.45	0.41
