Dataset contains 3633 events.
***
pT range		NCohJ 	err 	NIncJ 	err 	NDiss 	err 	NCohP 	err 	NIncP 	err 	sum 	err 	fC 	err 	fD coh	err 	fD inc	err 	fD 	err
(0.000, 2.000) GeV/c	2876.0	57.9	340.2	32.4	189.0	24.5	202.5	4.1	25.1	2.4	3632.8	70.9
(0.200, 2.000) GeV/c	8.5	0.2	271.4	25.8	179.0	23.2	89.9	1.8	19.9	1.9	568.7	34.8	1.90	0.15	19.95	1.59	4.42	0.54	24.36	1.68
(0.200, 1.000) GeV/c	8.5	0.2	268.5	25.6	120.2	15.5	89.9	1.8	19.7	1.9	506.8	30.0	2.20	0.18	23.12	1.84	5.08	0.62	28.20	1.94
(0.200, 0.280) GeV/c	8.5	0.2	52.8	5.0	8.9	1.2	54.8	1.1	4.1	0.4	129.1	5.3	13.74	1.18	88.73	7.63	6.62	0.84	95.35	7.67
(0.280, 0.375) GeV/c	0.1	0.0	63.6	6.1	13.3	1.7	29.7	0.6	4.8	0.5	111.5	6.3	0.08	0.01	38.54	3.25	6.26	0.79	44.81	3.34
(0.375, 0.569) GeV/c	0.0	0.0	93.2	8.9	32.2	4.2	5.4	0.1	6.8	0.6	137.6	9.8	0.00	0.00	4.30	0.35	5.41	0.67	9.71	0.75
(0.569, 1.000) GeV/c	0.0	0.0	58.9	5.6	65.7	8.5	0.0	0.0	4.1	0.4	128.7	10.2	0.00	0.00	0.00	0.00	3.26	0.41	3.26	0.41
