Dataset contains 3633 events.
***
pT range		NCohJ 	err 	NIncJ 	err 	NDiss 	err 	NCohP 	err 	NIncP 	err 	sum 	err 	fC 	err 	fD coh	err 	fD inc	err 	fD 	err
(0.000, 2.000) GeV/c	2881.8	57.9	332.7	32.3	190.9	24.6	202.9	4.1	24.5	2.4	3632.8	70.9
(0.200, 2.000) GeV/c	8.5	0.2	265.4	25.8	180.8	23.3	90.0	1.8	19.4	1.9	564.3	34.9	1.91	0.15	20.18	1.62	4.36	0.54	24.53	1.71
(0.200, 1.000) GeV/c	8.5	0.2	262.6	25.5	121.4	15.6	90.0	1.8	19.3	1.9	501.9	30.0	2.22	0.18	23.45	1.89	5.03	0.63	28.48	1.99
(0.200, 0.280) GeV/c	8.5	0.2	51.7	5.0	9.0	1.2	54.9	1.1	4.0	0.4	128.1	5.3	13.96	1.22	90.48	7.90	6.59	0.85	97.06	7.94
(0.280, 0.375) GeV/c	0.1	0.0	62.2	6.0	13.5	1.7	29.7	0.6	4.7	0.5	110.1	6.3	0.08	0.01	39.27	3.36	6.23	0.80	45.49	3.45
(0.375, 0.569) GeV/c	0.0	0.0	91.1	8.9	32.5	4.2	5.4	0.1	6.6	0.6	135.7	9.8	0.00	0.00	4.37	0.36	5.36	0.67	9.73	0.76
(0.569, 1.000) GeV/c	0.0	0.0	57.6	5.6	66.4	8.5	0.0	0.0	4.0	0.4	128.0	10.2	0.00	0.00	0.00	0.00	3.20	0.41	3.21	0.41
