Dataset contains 3633 events.
***
pT range		NCohJ 	err 	NIncJ 	err 	NDiss 	err 	NCohP 	err 	NIncP 	err 	sum 	err 	fC 	err 	fD coh	err 	fD inc	err 	fD 	err
(0.000, 2.000) GeV/c	2879.8	58.0	335.3	32.4	190.2	24.5	202.7	4.1	24.7	2.4	3632.8	71.0
(0.200, 2.000) GeV/c	8.5	0.2	267.5	25.9	180.1	23.2	90.0	1.8	19.6	1.9	565.7	34.9	1.91	0.15	20.10	1.61	4.38	0.54	24.48	1.70
(0.200, 1.000) GeV/c	8.5	0.2	264.6	25.6	120.9	15.6	90.0	1.8	19.5	1.9	503.5	30.1	2.21	0.18	23.33	1.87	5.05	0.63	28.38	1.98
(0.200, 0.280) GeV/c	8.5	0.2	52.1	5.0	9.0	1.2	54.9	1.1	4.0	0.4	128.4	5.3	13.88	1.21	89.87	7.82	6.60	0.85	96.47	7.87
(0.280, 0.375) GeV/c	0.1	0.0	62.7	6.1	13.4	1.7	29.7	0.6	4.7	0.5	110.6	6.4	0.08	0.01	39.02	3.33	6.24	0.80	45.26	3.42
(0.375, 0.569) GeV/c	0.0	0.0	91.8	8.9	32.4	4.2	5.4	0.1	6.7	0.6	136.3	9.8	0.00	0.00	4.35	0.35	5.38	0.67	9.73	0.76
(0.569, 1.000) GeV/c	0.0	0.0	58.1	5.6	66.1	8.5	0.0	0.0	4.0	0.4	128.2	10.2	0.00	0.00	0.00	0.00	3.22	0.41	3.23	0.41
