Dataset contains 3633 events.
***
pT range		NCohJ 	err 	NIncJ 	err 	NDiss 	err 	NCohP 	err 	NIncP 	err 	sum 	err 	fC 	err 	fD coh	err 	fD inc	err 	fD 	err
(0.000, 2.000) GeV/c	2889.5	57.9	322.4	31.9	193.7	24.7	203.4	4.1	23.8	2.4	3632.8	70.7
(0.200, 2.000) GeV/c	8.5	0.2	257.2	25.5	183.5	23.4	90.3	1.8	18.8	1.9	558.3	34.7	1.93	0.16	20.48	1.66	4.28	0.54	24.76	1.75
(0.200, 1.000) GeV/c	8.5	0.2	254.5	25.2	123.2	15.7	90.3	1.8	18.7	1.9	495.2	29.8	2.26	0.18	23.90	1.94	4.96	0.63	28.86	2.04
(0.200, 0.280) GeV/c	8.5	0.2	50.1	5.0	9.2	1.2	55.1	1.1	3.9	0.4	126.6	5.2	14.29	1.26	92.96	8.21	6.54	0.86	99.50	8.26
(0.280, 0.375) GeV/c	0.1	0.0	60.3	6.0	13.7	1.7	29.8	0.6	4.6	0.5	108.4	6.3	0.08	0.01	40.29	3.48	6.18	0.80	46.47	3.57
(0.375, 0.569) GeV/c	0.0	0.0	88.3	8.7	33.0	4.2	5.4	0.1	6.4	0.6	133.2	9.7	0.00	0.00	4.47	0.37	5.29	0.67	9.76	0.77
(0.569, 1.000) GeV/c	0.0	0.0	55.8	5.5	67.3	8.6	0.0	0.0	3.8	0.4	127.0	10.2	0.00	0.00	0.00	0.00	3.13	0.40	3.13	0.40
