Dataset contains 3633 events.
***
pT range		NCohJ 	err 	NIncJ 	err 	NDiss 	err 	NCohP 	err 	NIncP 	err 	sum 	err 	fC 	err 	fD coh	err 	fD inc	err 	fD 	err
(0.000, 2.000) GeV/c	2886.7	57.9	326.1	32.1	192.7	24.7	203.2	4.1	24.0	2.4	3632.8	70.8
(0.200, 2.000) GeV/c	8.5	0.2	260.2	25.6	182.5	23.4	90.2	1.8	19.1	1.9	560.5	34.8	1.93	0.16	20.37	1.65	4.31	0.54	24.68	1.73
(0.200, 1.000) GeV/c	8.5	0.2	257.4	25.3	122.5	15.7	90.2	1.8	18.9	1.9	497.6	29.9	2.25	0.18	23.74	1.92	4.98	0.63	28.72	2.02
(0.200, 0.280) GeV/c	8.5	0.2	50.6	5.0	9.1	1.2	55.0	1.1	3.9	0.4	127.1	5.3	14.18	1.25	92.06	8.10	6.56	0.86	98.61	8.14
(0.280, 0.375) GeV/c	0.1	0.0	61.0	6.0	13.6	1.7	29.8	0.6	4.6	0.5	109.0	6.3	0.08	0.01	39.92	3.44	6.20	0.80	46.11	3.53
(0.375, 0.569) GeV/c	0.0	0.0	89.3	8.8	32.8	4.2	5.4	0.1	6.5	0.6	134.1	9.8	0.00	0.00	4.44	0.36	5.32	0.67	9.75	0.77
(0.569, 1.000) GeV/c	0.0	0.0	56.5	5.6	67.0	8.6	0.0	0.0	3.9	0.4	127.4	10.2	0.00	0.00	0.00	0.00	3.15	0.41	3.16	0.41
