Dataset contains 3633 events.
***
pT range		NCohJ 	err 	NIncJ 	err 	NDiss 	err 	NCohP 	err 	NIncP 	err 	sum 	err 	fC 	err 	fD coh	err 	fD inc	err 	fD 	err
(0.000, 2.000) GeV/c	2889.8	57.9	321.9	31.8	193.9	24.8	203.4	4.1	23.7	2.3	3632.8	70.7
(0.200, 2.000) GeV/c	8.5	0.2	256.9	25.4	183.6	23.4	90.3	1.8	18.8	1.9	558.1	34.7	1.93	0.16	20.50	1.66	4.27	0.54	24.77	1.75
(0.200, 1.000) GeV/c	8.5	0.2	254.1	25.1	123.3	15.7	90.3	1.8	18.7	1.8	494.9	29.8	2.26	0.18	23.92	1.94	4.95	0.63	28.87	2.04
(0.200, 0.280) GeV/c	8.5	0.2	50.0	4.9	9.2	1.2	55.1	1.1	3.9	0.4	126.6	5.2	14.30	1.26	93.07	8.21	6.54	0.86	99.61	8.25
(0.280, 0.375) GeV/c	0.1	0.0	60.2	6.0	13.7	1.7	29.8	0.6	4.6	0.5	108.3	6.2	0.08	0.01	40.33	3.48	6.17	0.80	46.51	3.57
(0.375, 0.569) GeV/c	0.0	0.0	88.2	8.7	33.0	4.2	5.4	0.1	6.4	0.6	133.1	9.7	0.00	0.00	4.47	0.37	5.29	0.67	9.77	0.77
(0.569, 1.000) GeV/c	0.0	0.0	55.8	5.5	67.4	8.6	0.0	0.0	3.8	0.4	127.0	10.2	0.00	0.00	0.00	0.00	3.12	0.40	3.12	0.40
