Dataset contains 3633 events.
***
pT range		NCohJ 	err 	NIncJ 	err 	NDiss 	err 	NCohP 	err 	NIncP 	err 	sum 	err 	fC 	err 	fD coh	err 	fD inc	err 	fD 	err
(0.000, 2.000) GeV/c	2887.9	57.9	324.5	31.9	193.2	24.7	203.3	4.1	23.9	2.4	3632.8	70.7
(0.200, 2.000) GeV/c	8.5	0.2	258.9	25.5	183.0	23.4	90.2	1.8	19.0	1.9	559.6	34.7	1.93	0.16	20.42	1.65	4.29	0.54	24.71	1.74
(0.200, 1.000) GeV/c	8.5	0.2	256.1	25.2	122.8	15.7	90.2	1.8	18.8	1.9	496.5	29.8	2.25	0.18	23.81	1.93	4.97	0.63	28.78	2.02
(0.200, 0.280) GeV/c	8.5	0.2	50.4	5.0	9.1	1.2	55.0	1.1	3.9	0.4	126.9	5.2	14.23	1.25	92.45	8.12	6.55	0.85	99.00	8.17
(0.280, 0.375) GeV/c	0.1	0.0	60.7	6.0	13.6	1.7	29.8	0.6	4.6	0.5	108.7	6.3	0.08	0.01	40.08	3.45	6.19	0.80	46.26	3.54
(0.375, 0.569) GeV/c	0.0	0.0	88.9	8.7	32.9	4.2	5.4	0.1	6.5	0.6	133.7	9.7	0.00	0.00	4.45	0.37	5.31	0.67	9.76	0.76
(0.569, 1.000) GeV/c	0.0	0.0	56.2	5.5	67.1	8.6	0.0	0.0	3.9	0.4	127.2	10.2	0.00	0.00	0.00	0.00	3.14	0.40	3.14	0.40
