Dataset contains 3633 events.
***
pT range		NCohJ 	err 	NIncJ 	err 	NDiss 	err 	NCohP 	err 	NIncP 	err 	sum 	err 	fC 	err 	fD coh	err 	fD inc	err 	fD 	err
(0.000, 2.000) GeV/c	2885.2	57.9	328.2	32.2	192.1	24.7	203.1	4.1	24.2	2.4	3632.8	70.8
(0.200, 2.000) GeV/c	8.5	0.2	261.8	25.7	182.0	23.4	90.1	1.8	19.2	1.9	561.6	34.8	1.92	0.16	20.31	1.64	4.32	0.54	24.63	1.73
(0.200, 1.000) GeV/c	8.5	0.2	259.0	25.4	122.2	15.7	90.1	1.8	19.0	1.9	498.9	29.9	2.24	0.18	23.65	1.91	5.00	0.63	28.64	2.01
(0.200, 0.280) GeV/c	8.5	0.2	51.0	5.0	9.1	1.2	55.0	1.1	3.9	0.4	127.4	5.3	14.11	1.24	91.56	8.03	6.57	0.85	98.12	8.08
(0.280, 0.375) GeV/c	0.1	0.0	61.3	6.0	13.6	1.7	29.7	0.6	4.6	0.5	109.4	6.3	0.08	0.01	39.71	3.41	6.21	0.80	45.92	3.50
(0.375, 0.569) GeV/c	0.0	0.0	89.9	8.8	32.7	4.2	5.4	0.1	6.5	0.6	134.6	9.8	0.00	0.00	4.42	0.36	5.33	0.67	9.75	0.76
(0.569, 1.000) GeV/c	0.0	0.0	56.8	5.6	66.8	8.6	0.0	0.0	3.9	0.4	127.5	10.2	0.00	0.00	0.00	0.00	3.17	0.41	3.17	0.41
