Dataset contains 3633 events.
***
pT range		NCohJ 	err 	NIncJ 	err 	NDiss 	err 	NCohP 	err 	NIncP 	err 	sum 	err 	fC 	err 	fD coh	err 	fD inc	err 	fD 	err
(0.000, 2.000) GeV/c	2893.2	57.8	317.4	31.7	195.1	24.8	203.7	4.1	23.4	2.3	3632.8	70.6
(0.200, 2.000) GeV/c	8.5	0.2	253.2	25.3	184.8	23.5	90.4	1.8	18.6	1.9	555.5	34.6	1.94	0.16	20.64	1.68	4.24	0.54	24.87	1.76
(0.200, 1.000) GeV/c	8.5	0.2	250.5	25.0	124.1	15.8	90.4	1.8	18.4	1.8	491.9	29.7	2.27	0.18	24.13	1.97	4.92	0.63	29.05	2.06
(0.200, 0.280) GeV/c	8.4	0.2	49.3	4.9	9.2	1.2	55.1	1.1	3.8	0.4	125.9	5.2	14.42	1.28	94.22	8.36	6.52	0.86	100.73	8.41
(0.280, 0.375) GeV/c	0.1	0.0	59.3	5.9	13.8	1.8	29.8	0.6	4.5	0.4	107.5	6.2	0.08	0.01	40.80	3.54	6.15	0.80	46.95	3.63
(0.375, 0.569) GeV/c	0.0	0.0	86.9	8.7	33.2	4.2	5.4	0.1	6.3	0.6	131.9	9.7	0.00	0.00	4.52	0.37	5.26	0.67	9.78	0.77
(0.569, 1.000) GeV/c	0.0	0.0	55.0	5.5	67.8	8.6	0.0	0.0	3.8	0.4	126.6	10.2	0.00	0.00	0.00	0.00	3.09	0.40	3.09	0.40
