Dataset contains 3633 events.
***
pT range		NCohJ 	err 	NIncJ 	err 	NDiss 	err 	NCohP 	err 	NIncP 	err 	sum 	err 	fC 	err 	fD coh	err 	fD inc	err 	fD 	err
(0.000, 2.000) GeV/c	2888.1	57.9	324.2	32.0	193.2	24.7	203.3	4.1	23.9	2.4	3632.8	70.8
(0.200, 2.000) GeV/c	8.5	0.2	258.7	25.5	183.0	23.4	90.2	1.8	19.0	1.9	559.4	34.7	1.93	0.16	20.43	1.65	4.29	0.54	24.72	1.74
(0.200, 1.000) GeV/c	8.5	0.2	255.9	25.3	122.8	15.7	90.2	1.8	18.8	1.9	496.3	29.9	2.25	0.18	23.82	1.93	4.97	0.63	28.79	2.03
(0.200, 0.280) GeV/c	8.5	0.2	50.4	5.0	9.1	1.2	55.0	1.1	3.9	0.4	126.9	5.2	14.24	1.25	92.52	8.16	6.55	0.86	99.07	8.20
(0.280, 0.375) GeV/c	0.1	0.0	60.6	6.0	13.6	1.7	29.8	0.6	4.6	0.5	108.7	6.3	0.08	0.01	40.11	3.46	6.19	0.80	46.29	3.55
(0.375, 0.569) GeV/c	0.0	0.0	88.8	8.8	32.9	4.2	5.4	0.1	6.5	0.6	133.6	9.7	0.00	0.00	4.45	0.37	5.31	0.67	9.76	0.77
(0.569, 1.000) GeV/c	0.0	0.0	56.1	5.5	67.2	8.6	0.0	0.0	3.9	0.4	127.2	10.2	0.00	0.00	0.00	0.00	3.14	0.40	3.14	0.40
