Dataset contains 3633 events.
***
pT range		NCohJ 	err 	NIncJ 	err 	NDiss 	err 	NCohP 	err 	NIncP 	err 	sum 	err 	fC 	err 	fD coh	err 	fD inc	err 	fD 	err
(0.000, 2.000) GeV/c	2895.0	57.8	314.9	31.7	195.8	24.9	203.8	4.1	23.2	2.3	3632.8	70.6
(0.200, 2.000) GeV/c	8.5	0.2	251.3	25.3	185.4	23.6	90.4	1.8	18.4	1.9	554.1	34.7	1.94	0.16	20.71	1.69	4.22	0.54	24.93	1.77
(0.200, 1.000) GeV/c	8.5	0.2	248.6	25.0	124.5	15.8	90.4	1.8	18.3	1.8	490.3	29.7	2.27	0.19	24.24	1.98	4.90	0.63	29.14	2.08
(0.200, 0.280) GeV/c	8.4	0.2	48.9	4.9	9.3	1.2	55.2	1.1	3.8	0.4	125.5	5.2	14.49	1.29	94.84	8.46	6.51	0.86	101.34	8.51
(0.280, 0.375) GeV/c	0.1	0.0	58.9	5.9	13.8	1.8	29.8	0.6	4.5	0.4	107.1	6.2	0.08	0.01	41.06	3.58	6.14	0.81	47.20	3.67
(0.375, 0.569) GeV/c	0.0	0.0	86.3	8.7	33.4	4.2	5.4	0.1	6.3	0.6	131.3	9.7	0.00	0.00	4.54	0.38	5.25	0.68	9.79	0.77
(0.569, 1.000) GeV/c	0.0	0.0	54.5	5.5	68.1	8.7	0.0	0.0	3.8	0.4	126.4	10.3	0.00	0.00	0.00	0.00	3.07	0.40	3.07	0.40
