Dataset contains 3633 events.
***
pT range		NCohJ 	err 	NIncJ 	err 	NDiss 	err 	NCohP 	err 	NIncP 	err 	sum 	err 	fC 	err 	fD coh	err 	fD inc	err 	fD 	err
(0.000, 2.000) GeV/c	2896.0	57.8	313.5	31.6	196.2	24.9	203.9	4.1	23.1	2.3	3632.8	70.6
(0.200, 2.000) GeV/c	8.5	0.2	250.1	25.2	185.8	23.6	90.5	1.8	18.3	1.8	553.2	34.6	1.94	0.16	20.75	1.70	4.20	0.54	24.96	1.78
(0.200, 1.000) GeV/c	8.5	0.2	247.5	25.0	124.7	15.9	90.5	1.8	18.2	1.8	489.4	29.7	2.28	0.19	24.31	1.99	4.89	0.63	29.20	2.09
(0.200, 0.280) GeV/c	8.4	0.2	48.7	4.9	9.3	1.2	55.2	1.1	3.8	0.4	125.3	5.2	14.51	1.30	95.20	8.51	6.50	0.87	101.70	8.55
(0.280, 0.375) GeV/c	0.1	0.0	58.6	5.9	13.9	1.8	29.9	0.6	4.4	0.4	106.8	6.2	0.08	0.01	41.21	3.60	6.13	0.81	47.34	3.69
(0.375, 0.569) GeV/c	0.0	0.0	85.9	8.7	33.4	4.2	5.4	0.1	6.2	0.6	131.0	9.7	0.00	0.00	4.56	0.38	5.24	0.68	9.79	0.78
(0.569, 1.000) GeV/c	0.0	0.0	54.3	5.5	68.2	8.7	0.0	0.0	3.7	0.4	126.2	10.3	0.00	0.00	0.00	0.00	3.06	0.40	3.06	0.40
