Dataset contains 3668 events.
***
pT range		NCohJ 	err 	NIncJ 	err 	NDiss 	err 	NCohP 	err 	NIncP 	err 	sum 	err 	fC 	err 	fD coh	err 	fD inc	err 	fD 	err
(0.000, 2.000) GeV/c	2910.9	57.7	353.1	32.0	195.5	24.1	182.8	3.6	26.5	2.4	3668.7	70.4
(0.200, 2.000) GeV/c	7.7	0.2	281.6	25.5	185.1	22.8	80.3	1.6	20.9	1.9	575.7	34.3	1.65	0.13	17.21	1.31	4.48	0.52	21.69	1.41
(0.200, 1.000) GeV/c	7.7	0.2	278.9	25.3	124.4	15.3	80.3	1.6	20.8	1.9	512.1	29.7	1.91	0.14	19.92	1.51	5.15	0.60	25.07	1.63
(0.200, 0.283) GeV/c	7.6	0.2	57.5	5.2	9.7	1.2	49.1	1.0	4.4	0.4	128.4	5.4	11.34	0.93	73.06	5.98	6.61	0.80	79.66	6.04
(0.283, 0.390) GeV/c	0.1	0.0	72.9	6.6	15.7	1.9	27.7	0.5	5.6	0.5	122.0	6.9	0.08	0.01	31.28	2.51	6.32	0.75	37.60	2.62
(0.390, 0.508) GeV/c	0.0	0.0	62.8	5.7	20.1	2.5	3.5	0.1	4.7	0.4	90.9	6.2	0.00	0.00	4.19	0.32	5.62	0.66	9.81	0.74
(0.508, 0.691) GeV/c	0.0	0.0	52.4	4.7	31.9	3.9	0.0	0.0	3.8	0.3	88.2	6.2	0.00	0.00	0.05	0.00	4.55	0.53	4.60	0.53
(0.691, 1.000) GeV/c	0.0	0.0	33.3	3.0	47.0	5.8	0.0	0.0	2.2	0.2	82.6	6.5	0.00	0.00	0.00	0.00	2.77	0.34	2.77	0.34
