Dataset contains 3668 events.
***
pT range		NCohJ 	err 	NIncJ 	err 	NDiss 	err 	NCohP 	err 	NIncP 	err 	sum 	err 	fC 	err 	fD coh	err 	fD inc	err 	fD 	err
(0.000, 2.000) GeV/c	2928.2	57.7	329.9	31.2	201.7	24.4	183.9	3.6	24.7	2.3	3668.5	70.1
(0.200, 2.000) GeV/c	8.1	0.2	263.1	24.9	191.0	23.1	80.8	1.6	19.5	1.8	562.6	34.1	1.79	0.14	17.79	1.38	4.30	0.52	22.09	1.47
(0.200, 1.000) GeV/c	8.1	0.2	260.6	24.7	128.4	15.5	80.8	1.6	19.4	1.8	497.3	29.2	2.09	0.16	20.78	1.61	4.99	0.60	25.76	1.72
(0.200, 0.283) GeV/c	8.0	0.2	53.7	5.1	10.0	1.2	49.4	1.0	4.1	0.4	125.3	5.3	12.62	1.06	77.48	6.53	6.51	0.81	83.99	6.58
(0.283, 0.390) GeV/c	0.1	0.0	68.1	6.4	16.2	2.0	27.9	0.5	5.2	0.5	117.5	6.8	0.11	0.01	33.07	2.72	6.20	0.77	39.27	2.83
(0.390, 0.508) GeV/c	0.0	0.0	58.6	5.5	20.7	2.5	3.5	0.1	4.3	0.4	87.2	6.1	0.00	0.00	4.40	0.35	5.48	0.67	9.88	0.75
(0.508, 0.691) GeV/c	0.0	0.0	49.0	4.6	32.9	4.0	0.0	0.0	3.6	0.3	85.5	6.1	0.00	0.00	0.06	0.00	4.38	0.53	4.43	0.53
(0.691, 1.000) GeV/c	0.0	0.0	31.2	2.9	48.5	5.9	0.0	0.0	2.1	0.2	81.8	6.6	0.00	0.00	0.00	0.00	2.61	0.33	2.61	0.33
