Dataset contains 3668 events.
***
pT range		NCohJ 	err 	NIncJ 	err 	NDiss 	err 	NCohP 	err 	NIncP 	err 	sum 	err 	fC 	err 	fD coh	err 	fD inc	err 	fD 	err
(0.000, 2.000) GeV/c	2908.4	57.7	356.4	32.1	194.6	24.0	182.6	3.6	26.7	2.4	3668.7	70.4
(0.200, 2.000) GeV/c	8.1	0.2	284.3	25.6	184.3	22.8	80.3	1.6	21.1	1.9	578.1	34.3	1.74	0.13	17.13	1.30	4.50	0.52	21.63	1.40
(0.200, 1.000) GeV/c	8.1	0.2	281.5	25.3	123.9	15.3	80.3	1.6	20.9	1.9	514.7	29.7	2.01	0.15	19.80	1.50	5.17	0.60	24.97	1.61
(0.200, 0.283) GeV/c	8.1	0.2	58.0	5.2	9.7	1.2	49.1	1.0	4.5	0.4	129.3	5.5	11.92	0.97	72.46	5.91	6.62	0.79	79.08	5.96
(0.283, 0.390) GeV/c	0.1	0.0	73.6	6.6	15.6	1.9	27.7	0.5	5.6	0.5	122.6	6.9	0.08	0.01	31.04	2.48	6.33	0.75	37.38	2.59
(0.390, 0.508) GeV/c	0.0	0.0	63.3	5.7	20.0	2.5	3.5	0.1	4.7	0.4	91.5	6.2	0.00	0.00	4.17	0.32	5.63	0.66	9.80	0.73
(0.508, 0.691) GeV/c	0.0	0.0	52.9	4.8	31.8	3.9	0.0	0.0	3.9	0.3	88.6	6.2	0.00	0.00	0.05	0.00	4.57	0.53	4.63	0.53
(0.691, 1.000) GeV/c	0.0	0.0	33.7	3.0	46.8	5.8	0.0	0.0	2.2	0.2	82.7	6.5	0.00	0.00	0.00	0.00	2.80	0.34	2.80	0.34
