Dataset contains 3668 events.
***
pT range		NCohJ 	err 	NIncJ 	err 	NDiss 	err 	NCohP 	err 	NIncP 	err 	sum 	err 	fC 	err 	fD coh	err 	fD inc	err 	fD 	err
(0.000, 2.000) GeV/c	2905.7	57.7	359.9	32.1	193.7	24.0	182.5	3.6	27.0	2.4	3668.7	70.4
(0.200, 2.000) GeV/c	8.5	0.2	287.1	25.6	183.4	22.7	80.2	1.6	21.3	1.9	580.5	34.3	1.81	0.14	17.04	1.29	4.53	0.52	21.57	1.39
(0.200, 1.000) GeV/c	8.5	0.2	284.3	25.4	123.3	15.3	80.2	1.6	21.2	1.9	517.4	29.7	2.09	0.16	19.68	1.48	5.19	0.60	24.87	1.60
(0.200, 0.283) GeV/c	8.5	0.2	58.6	5.2	9.6	1.2	49.0	1.0	4.5	0.4	130.2	5.5	12.39	1.01	71.83	5.83	6.63	0.79	78.46	5.88
(0.283, 0.390) GeV/c	0.1	0.0	74.3	6.6	15.6	1.9	27.7	0.5	5.7	0.5	123.3	7.0	0.07	0.01	30.79	2.45	6.35	0.75	37.14	2.56
(0.390, 0.508) GeV/c	0.0	0.0	64.0	5.7	19.9	2.5	3.5	0.1	4.7	0.4	92.0	6.2	0.00	0.00	4.14	0.32	5.65	0.66	9.79	0.73
(0.508, 0.691) GeV/c	0.0	0.0	53.4	4.8	31.6	3.9	0.0	0.0	3.9	0.3	89.0	6.2	0.00	0.00	0.05	0.00	4.60	0.53	4.65	0.53
(0.691, 1.000) GeV/c	0.0	0.0	34.0	3.0	46.6	5.8	0.0	0.0	2.3	0.2	82.9	6.5	0.00	0.00	0.00	0.00	2.82	0.34	2.82	0.34
