Dataset contains 3668 events.
***
pT range		NCohJ 	err 	NIncJ 	err 	NDiss 	err 	NCohP 	err 	NIncP 	err 	sum 	err 	fC 	err 	fD coh	err 	fD inc	err 	fD 	err
(0.000, 2.000) GeV/c	2920.0	57.7	340.9	31.5	198.7	24.2	183.4	3.6	25.6	2.4	3668.5	70.2
(0.200, 2.000) GeV/c	6.6	0.1	271.9	25.1	188.2	22.9	80.6	1.6	20.2	1.9	567.4	34.1	1.43	0.11	17.52	1.34	4.39	0.52	21.90	1.44
(0.200, 1.000) GeV/c	6.6	0.1	269.2	24.9	126.5	15.4	80.6	1.6	20.0	1.9	502.9	29.4	1.66	0.13	20.36	1.56	5.06	0.60	25.43	1.67
(0.200, 0.283) GeV/c	6.5	0.1	55.5	5.1	9.9	1.2	49.3	1.0	4.3	0.4	125.4	5.4	9.94	0.82	75.33	6.25	6.56	0.80	81.88	6.30
(0.283, 0.390) GeV/c	0.1	0.0	70.4	6.5	16.0	1.9	27.8	0.5	5.4	0.5	119.6	6.8	0.10	0.01	32.20	2.61	6.26	0.76	38.46	2.72
(0.390, 0.508) GeV/c	0.0	0.0	60.6	5.6	20.4	2.5	3.5	0.1	4.5	0.4	88.9	6.1	0.00	0.00	4.30	0.34	5.54	0.66	9.85	0.74
(0.508, 0.691) GeV/c	0.0	0.0	50.6	4.7	32.4	3.9	0.0	0.0	3.7	0.3	86.8	6.1	0.00	0.00	0.06	0.00	4.46	0.53	4.52	0.53
(0.691, 1.000) GeV/c	0.0	0.0	32.2	3.0	47.8	5.8	0.0	0.0	2.2	0.2	82.2	6.5	0.00	0.00	0.00	0.00	2.69	0.33	2.69	0.33
