Dataset contains 3668 events.
***
pT range		NCohJ 	err 	NIncJ 	err 	NDiss 	err 	NCohP 	err 	NIncP 	err 	sum 	err 	fC 	err 	fD coh	err 	fD inc	err 	fD 	err
(0.000, 2.000) GeV/c	2922.0	57.7	338.1	31.4	199.4	24.2	183.5	3.6	25.4	2.4	3668.5	70.2
(0.200, 2.000) GeV/c	6.7	0.1	269.7	25.1	188.9	23.0	80.6	1.6	20.0	1.9	565.9	34.1	1.45	0.11	17.59	1.35	4.36	0.52	21.95	1.45
(0.200, 1.000) GeV/c	6.7	0.1	267.1	24.8	127.0	15.4	80.6	1.6	19.9	1.8	501.2	29.3	1.69	0.13	20.47	1.57	5.04	0.60	25.51	1.68
(0.200, 0.283) GeV/c	6.6	0.1	55.1	5.1	9.9	1.2	49.3	1.0	4.3	0.4	125.1	5.4	10.12	0.84	75.86	6.32	6.54	0.81	82.40	6.37
(0.283, 0.390) GeV/c	0.1	0.0	69.8	6.5	16.0	1.9	27.8	0.5	5.4	0.5	119.1	6.8	0.10	0.01	32.42	2.64	6.25	0.76	38.66	2.74
(0.390, 0.508) GeV/c	0.0	0.0	60.1	5.6	20.5	2.5	3.5	0.1	4.5	0.4	88.5	6.1	0.00	0.00	4.33	0.34	5.53	0.66	9.86	0.74
(0.508, 0.691) GeV/c	0.0	0.0	50.2	4.7	32.5	4.0	0.0	0.0	3.7	0.3	86.5	6.1	0.00	0.00	0.06	0.00	4.44	0.53	4.50	0.53
(0.691, 1.000) GeV/c	0.0	0.0	31.9	3.0	48.0	5.8	0.0	0.0	2.1	0.2	82.1	6.5	0.00	0.00	0.00	0.00	2.67	0.33	2.67	0.33
