Dataset contains 3668 events.
***
pT range		NCohJ 	err 	NIncJ 	err 	NDiss 	err 	NCohP 	err 	NIncP 	err 	sum 	err 	fC 	err 	fD coh	err 	fD inc	err 	fD 	err
(0.000, 2.000) GeV/c	2902.9	57.8	363.6	32.2	192.7	23.9	182.3	3.6	27.3	2.4	3668.8	70.5
(0.200, 2.000) GeV/c	8.9	0.2	290.0	25.7	182.5	22.7	80.1	1.6	21.5	1.9	583.1	34.4	1.88	0.14	16.95	1.27	4.55	0.52	21.51	1.38
(0.200, 1.000) GeV/c	8.9	0.2	287.2	25.5	122.7	15.2	80.1	1.6	21.4	1.9	520.2	29.8	2.17	0.16	19.55	1.47	5.21	0.60	24.76	1.58
(0.200, 0.283) GeV/c	8.8	0.2	59.2	5.2	9.6	1.2	49.0	1.0	4.6	0.4	131.2	5.5	12.83	1.04	71.18	5.75	6.65	0.79	77.83	5.80
(0.283, 0.390) GeV/c	0.1	0.0	75.1	6.7	15.5	1.9	27.6	0.5	5.8	0.5	124.0	7.0	0.07	0.01	30.52	2.41	6.37	0.75	36.89	2.53
(0.390, 0.508) GeV/c	0.0	0.0	64.6	5.7	19.8	2.5	3.5	0.1	4.8	0.4	92.7	6.2	0.00	0.00	4.10	0.31	5.67	0.65	9.78	0.73
(0.508, 0.691) GeV/c	0.0	0.0	54.0	4.8	31.5	3.9	0.0	0.0	4.0	0.4	89.4	6.2	0.00	0.00	0.05	0.00	4.62	0.53	4.68	0.53
(0.691, 1.000) GeV/c	0.0	0.0	34.3	3.0	46.4	5.8	0.0	0.0	2.3	0.2	83.0	6.5	0.00	0.00	0.00	0.00	2.84	0.34	2.84	0.34
