Dataset contains 3668 events.
***
pT range		NCohJ 	err 	NIncJ 	err 	NDiss 	err 	NCohP 	err 	NIncP 	err 	sum 	err 	fC 	err 	fD coh	err 	fD inc	err 	fD 	err
(0.000, 2.000) GeV/c	2913.3	57.7	349.9	31.9	196.3	24.2	183.0	3.6	26.2	2.4	3668.7	70.4
(0.200, 2.000) GeV/c	7.3	0.1	279.1	25.4	185.9	22.9	80.4	1.6	20.7	1.9	573.4	34.3	1.57	0.12	17.29	1.32	4.45	0.52	21.74	1.42
(0.200, 1.000) GeV/c	7.3	0.1	276.3	25.2	125.0	15.4	80.4	1.6	20.6	1.9	509.6	29.6	1.82	0.14	20.04	1.53	5.12	0.60	25.16	1.64
(0.200, 0.283) GeV/c	7.2	0.1	57.0	5.2	9.8	1.2	49.1	1.0	4.4	0.4	127.5	5.4	10.81	0.89	73.64	6.06	6.59	0.80	80.23	6.11
(0.283, 0.390) GeV/c	0.1	0.0	72.2	6.6	15.8	1.9	27.7	0.5	5.5	0.5	121.4	6.9	0.09	0.01	31.52	2.54	6.30	0.76	37.82	2.65
(0.390, 0.508) GeV/c	0.0	0.0	62.2	5.7	20.1	2.5	3.5	0.1	4.6	0.4	90.4	6.2	0.00	0.00	4.22	0.33	5.60	0.66	9.82	0.74
(0.508, 0.691) GeV/c	0.0	0.0	51.9	4.7	32.0	3.9	0.0	0.0	3.8	0.3	87.8	6.2	0.00	0.00	0.05	0.00	4.53	0.53	4.58	0.53
(0.691, 1.000) GeV/c	0.0	0.0	33.0	3.0	47.2	5.8	0.0	0.0	2.2	0.2	82.5	6.6	0.00	0.00	0.00	0.00	2.75	0.34	2.75	0.34
