Dataset contains 3668 events.
***
pT range		NCohJ 	err 	NIncJ 	err 	NDiss 	err 	NCohP 	err 	NIncP 	err 	sum 	err 	fC 	err 	fD coh	err 	fD inc	err 	fD 	err
(0.000, 2.000) GeV/c	2915.7	57.7	346.8	31.8	197.1	24.2	183.1	3.6	26.0	2.4	3668.7	70.4
(0.200, 2.000) GeV/c	6.9	0.1	276.6	25.4	186.7	22.9	80.5	1.6	20.5	1.9	571.2	34.3	1.49	0.11	17.37	1.33	4.43	0.52	21.80	1.43
(0.200, 1.000) GeV/c	6.9	0.1	273.9	25.1	125.5	15.4	80.5	1.6	20.4	1.9	507.2	29.6	1.73	0.13	20.15	1.54	5.10	0.60	25.25	1.65
(0.200, 0.283) GeV/c	6.8	0.1	56.5	5.2	9.8	1.2	49.2	1.0	4.4	0.4	126.6	5.4	10.31	0.85	74.21	6.13	6.58	0.80	80.79	6.19
(0.283, 0.390) GeV/c	0.1	0.0	71.6	6.6	15.8	1.9	27.8	0.5	5.5	0.5	120.8	6.9	0.09	0.01	31.75	2.57	6.29	0.76	38.04	2.68
(0.390, 0.508) GeV/c	0.0	0.0	61.6	5.7	20.2	2.5	3.5	0.1	4.6	0.4	89.9	6.2	0.00	0.00	4.25	0.33	5.58	0.66	9.83	0.74
(0.508, 0.691) GeV/c	0.0	0.0	51.5	4.7	32.2	4.0	0.0	0.0	3.8	0.3	87.5	6.2	0.00	0.00	0.05	0.00	4.50	0.53	4.56	0.53
(0.691, 1.000) GeV/c	0.0	0.0	32.8	3.0	47.4	5.8	0.0	0.0	2.2	0.2	82.4	6.6	0.00	0.00	0.00	0.00	2.73	0.34	2.73	0.34
