Dataset contains 3668 events.
***
pT range		NCohJ 	err 	NIncJ 	err 	NDiss 	err 	NCohP 	err 	NIncP 	err 	sum 	err 	fC 	err 	fD coh	err 	fD inc	err 	fD 	err
(0.000, 2.000) GeV/c	2917.7	57.7	343.8	31.6	197.9	24.1	183.2	3.6	25.8	2.4	3668.5	70.2
(0.200, 2.000) GeV/c	6.7	0.1	274.2	25.2	187.4	22.9	80.5	1.6	20.3	1.9	569.2	34.1	1.45	0.11	17.44	1.33	4.41	0.52	21.85	1.43
(0.200, 1.000) GeV/c	6.7	0.1	271.6	24.9	126.0	15.4	80.5	1.6	20.2	1.9	504.9	29.4	1.68	0.13	20.26	1.54	5.08	0.60	25.34	1.66
(0.200, 0.283) GeV/c	6.6	0.1	56.0	5.1	9.8	1.2	49.2	1.0	4.3	0.4	126.0	5.4	10.04	0.83	74.77	6.17	6.57	0.80	81.34	6.23
(0.283, 0.390) GeV/c	0.1	0.0	71.0	6.5	15.9	1.9	27.8	0.5	5.5	0.5	120.2	6.8	0.10	0.01	31.98	2.58	6.27	0.76	38.25	2.69
(0.390, 0.508) GeV/c	0.0	0.0	61.1	5.6	20.3	2.5	3.5	0.1	4.5	0.4	89.4	6.1	0.00	0.00	4.28	0.33	5.56	0.66	9.84	0.74
(0.508, 0.691) GeV/c	0.0	0.0	51.0	4.7	32.3	3.9	0.0	0.0	3.7	0.3	87.1	6.1	0.00	0.00	0.05	0.00	4.48	0.53	4.54	0.53
(0.691, 1.000) GeV/c	0.0	0.0	32.5	3.0	47.6	5.8	0.0	0.0	2.2	0.2	82.3	6.5	0.00	0.00	0.00	0.00	2.71	0.33	2.71	0.33
