Dataset contains 3668 events.
***
pT range		NCohJ 	err 	NIncJ 	err 	NDiss 	err 	NCohP 	err 	NIncP 	err 	sum 	err 	fC 	err 	fD coh	err 	fD inc	err 	fD 	err
(0.000, 2.000) GeV/c	2924.1	57.7	335.4	31.3	200.2	24.3	183.6	3.6	25.2	2.4	3668.5	70.1
(0.200, 2.000) GeV/c	6.9	0.1	267.5	25.0	189.6	23.0	80.7	1.6	19.9	1.9	564.5	34.1	1.51	0.12	17.65	1.36	4.34	0.52	22.00	1.45
(0.200, 1.000) GeV/c	6.9	0.1	264.9	24.8	127.4	15.5	80.7	1.6	19.7	1.8	499.6	29.3	1.76	0.14	20.57	1.58	5.02	0.60	25.59	1.69
(0.200, 0.283) GeV/c	6.8	0.1	54.6	5.1	10.0	1.2	49.3	1.0	4.2	0.4	124.9	5.4	10.53	0.88	76.39	6.39	6.53	0.81	82.92	6.44
(0.283, 0.390) GeV/c	0.1	0.0	69.2	6.5	16.1	2.0	27.8	0.5	5.3	0.5	118.6	6.8	0.10	0.01	32.63	2.66	6.23	0.76	38.86	2.77
(0.390, 0.508) GeV/c	0.0	0.0	59.6	5.6	20.5	2.5	3.5	0.1	4.4	0.4	88.1	6.1	0.00	0.00	4.35	0.34	5.51	0.66	9.87	0.75
(0.508, 0.691) GeV/c	0.0	0.0	49.8	4.7	32.7	4.0	0.0	0.0	3.6	0.3	86.1	6.1	0.00	0.00	0.06	0.00	4.42	0.53	4.47	0.53
(0.691, 1.000) GeV/c	0.0	0.0	31.7	3.0	48.2	5.8	0.0	0.0	2.1	0.2	82.0	6.6	0.00	0.00	0.00	0.00	2.65	0.33	2.65	0.33
