Dataset contains 3664 events.
***
pT range		NCohJ 	err 	NIncJ 	err 	NDiss 	err 	NCohP 	err 	NIncP 	err 	sum 	err 	fC 	err 	fD coh	err 	fD inc	err 	fD 	err
(0.000, 2.000) GeV/c	2906.9	58.5	358.0	32.5	190.0	23.9	182.6	3.7	26.8	2.4	3664.3	71.2
(0.200, 2.000) GeV/c	6.5	0.1	285.5	25.9	179.9	22.6	80.2	1.6	21.2	1.9	573.4	34.5	1.40	0.11	17.24	1.32	4.55	0.53	21.79	1.42
(0.200, 1.000) GeV/c	6.5	0.1	282.5	25.6	120.8	15.2	80.2	1.6	21.0	1.9	511.1	29.9	1.62	0.12	19.89	1.52	5.21	0.61	25.10	1.64
(0.200, 0.283) GeV/c	6.5	0.1	58.0	5.3	9.4	1.2	50.1	1.0	4.5	0.4	128.5	5.5	9.64	0.80	74.42	6.15	6.68	0.81	81.10	6.20
(0.283, 0.390) GeV/c	0.0	0.0	74.4	6.8	15.3	1.9	26.9	0.5	5.7	0.5	122.4	7.1	0.03	0.00	29.99	2.42	6.32	0.76	36.31	2.54
(0.390, 0.508) GeV/c	0.0	0.0	62.8	5.7	19.5	2.5	3.1	0.1	4.7	0.4	90.1	6.2	0.00	0.00	3.78	0.30	5.67	0.67	9.45	0.73
(0.508, 0.691) GeV/c	0.0	0.0	58.0	5.3	31.4	3.9	0.1	0.0	4.3	0.4	93.7	6.6	0.00	0.00	0.06	0.00	4.79	0.56	4.86	0.56
(0.691, 1.000) GeV/c	0.0	0.0	29.3	2.7	45.2	5.7	0.0	0.0	1.9	0.2	76.4	6.3	0.00	0.00	0.00	0.00	2.55	0.32	2.55	0.32
