Dataset contains 3661 events.
***
pT range		NCohJ 	err 	NIncJ 	err 	NDiss 	err 	NCohP 	err 	NIncP 	err 	sum 	err 	fC 	err 	fD coh	err 	fD inc	err 	fD 	err
(0.000, 2.000) GeV/c	2908.0	58.2	326.6	32.0	198.0	24.4	204.7	4.1	24.1	2.4	3661.5	70.9
(0.200, 2.000) GeV/c	7.1	0.1	260.5	25.5	187.6	23.1	90.0	1.8	19.0	1.9	564.2	34.5	1.59	0.13	20.08	1.60	4.24	0.53	24.32	1.68
(0.200, 1.000) GeV/c	7.1	0.1	257.8	25.3	125.9	15.5	90.0	1.8	18.8	1.8	499.6	29.8	1.86	0.15	23.45	1.87	4.91	0.61	28.36	1.97
(0.200, 0.265) GeV/c	7.0	0.1	41.1	4.0	7.5	0.9	46.3	0.9	3.1	0.3	105.0	4.2	14.52	1.27	95.44	8.35	6.43	0.84	101.87	8.39
(0.265, 0.336) GeV/c	0.1	0.0	46.7	4.6	9.8	1.2	30.6	0.6	3.6	0.3	90.7	4.8	0.16	0.01	54.06	4.66	6.31	0.81	60.37	4.73
(0.336, 0.451) GeV/c	0.0	0.0	64.8	6.4	18.8	2.3	12.1	0.2	4.8	0.5	100.5	6.8	0.00	0.00	14.53	1.21	5.70	0.72	20.23	1.41
(0.451, 0.659) GeV/c	0.0	0.0	72.2	7.1	37.1	4.6	1.0	0.0	5.3	0.5	115.6	8.4	0.00	0.00	0.89	0.07	4.83	0.60	5.72	0.61
(0.659, 1.000) GeV/c	0.0	0.0	33.0	3.2	52.7	6.5	0.0	0.0	2.1	0.2	87.8	7.3	0.00	0.00	0.00	0.00	2.47	0.32	2.47	0.32
