Dataset contains 3661 events.
***
pT range		NCohJ 	err 	NIncJ 	err 	NDiss 	err 	NCohP 	err 	NIncP 	err 	sum 	err 	fC 	err 	fD coh	err 	fD inc	err 	fD 	err
(0.000, 2.000) GeV/c	2902.7	58.2	334.0	32.2	195.9	24.3	204.3	4.1	24.6	2.4	3661.5	71.0
(0.200, 2.000) GeV/c	6.0	0.1	266.4	25.7	185.5	23.0	89.8	1.8	19.4	1.9	567.2	34.6	1.32	0.10	19.87	1.57	4.30	0.53	24.17	1.65
(0.200, 1.000) GeV/c	6.0	0.1	263.6	25.5	124.6	15.4	89.8	1.8	19.3	1.9	503.2	29.9	1.54	0.12	23.13	1.83	4.97	0.61	28.10	1.93
(0.200, 0.265) GeV/c	5.9	0.1	42.0	4.1	7.4	0.9	46.2	0.9	3.2	0.3	104.7	4.3	11.96	1.04	93.62	8.10	6.46	0.83	100.08	8.14
(0.265, 0.336) GeV/c	0.1	0.0	47.7	4.6	9.7	1.2	30.5	0.6	3.6	0.4	91.7	4.8	0.13	0.01	53.07	4.53	6.34	0.81	59.41	4.60
(0.336, 0.451) GeV/c	0.0	0.0	66.3	6.4	18.6	2.3	12.1	0.2	4.9	0.5	101.9	6.8	0.00	0.00	14.29	1.18	5.74	0.72	20.03	1.38
(0.451, 0.659) GeV/c	0.0	0.0	73.9	7.1	36.7	4.5	1.0	0.0	5.4	0.5	117.0	8.5	0.00	0.00	0.88	0.07	4.89	0.60	5.77	0.61
(0.659, 1.000) GeV/c	0.0	0.0	33.7	3.3	52.1	6.5	0.0	0.0	2.2	0.2	88.0	7.2	0.00	0.00	0.00	0.00	2.52	0.32	2.52	0.32
