Dataset contains 3661 events.
***
pT range		NCohJ 	err 	NIncJ 	err 	NDiss 	err 	NCohP 	err 	NIncP 	err 	sum 	err 	fC 	err 	fD coh	err 	fD inc	err 	fD 	err
(0.000, 2.000) GeV/c	2887.9	58.2	353.0	32.6	190.7	23.8	203.3	4.1	26.0	2.4	3660.9	71.0
(0.200, 2.000) GeV/c	7.7	0.2	281.5	26.0	180.6	22.6	89.3	1.8	20.5	1.9	579.8	34.5	1.67	0.13	19.33	1.49	4.44	0.53	23.77	1.58
(0.200, 1.000) GeV/c	7.7	0.2	278.6	25.7	121.3	15.1	89.3	1.8	20.4	1.9	517.3	30.0	1.93	0.15	22.35	1.73	5.09	0.61	27.44	1.83
(0.200, 0.265) GeV/c	7.7	0.2	44.4	4.1	7.2	0.9	46.0	0.9	3.4	0.3	108.6	4.3	14.90	1.25	89.19	7.48	6.54	0.81	95.73	7.52
(0.265, 0.336) GeV/c	0.1	0.0	50.4	4.7	9.5	1.2	30.3	0.6	3.9	0.4	94.2	4.9	0.09	0.01	50.64	4.19	6.43	0.79	57.07	4.26
(0.336, 0.451) GeV/c	0.0	0.0	70.0	6.5	18.1	2.3	12.1	0.2	5.1	0.5	105.4	6.9	0.00	0.00	13.69	1.10	5.84	0.70	19.53	1.31
(0.451, 0.659) GeV/c	0.0	0.0	78.1	7.2	35.7	4.5	1.0	0.0	5.7	0.5	120.5	8.5	0.00	0.00	0.85	0.07	5.02	0.60	5.87	0.60
(0.659, 1.000) GeV/c	0.0	0.0	35.6	3.3	50.8	6.3	0.0	0.0	2.3	0.2	88.7	7.1	0.00	0.00	0.00	0.00	2.65	0.33	2.65	0.33
