Dataset contains 3661 events.
***
pT range		NCohJ 	err 	NIncJ 	err 	NDiss 	err 	NCohP 	err 	NIncP 	err 	sum 	err 	fC 	err 	fD coh	err 	fD inc	err 	fD 	err
(0.000, 2.000) GeV/c	2904.5	58.2	331.5	32.2	196.6	24.3	204.5	4.1	24.4	2.4	3661.5	71.0
(0.200, 2.000) GeV/c	6.2	0.1	264.4	25.7	186.2	23.0	89.9	1.8	19.3	1.9	565.9	34.6	1.37	0.11	19.94	1.58	4.28	0.53	24.22	1.66
(0.200, 1.000) GeV/c	6.2	0.1	261.6	25.4	125.0	15.5	89.9	1.8	19.1	1.9	501.8	29.8	1.59	0.13	23.24	1.85	4.95	0.61	28.19	1.95
(0.200, 0.265) GeV/c	6.1	0.1	41.7	4.0	7.4	0.9	46.2	0.9	3.2	0.3	104.5	4.3	12.38	1.08	94.23	8.18	6.45	0.83	100.69	8.23
(0.265, 0.336) GeV/c	0.1	0.0	47.4	4.6	9.8	1.2	30.5	0.6	3.6	0.4	91.4	4.8	0.14	0.01	53.40	4.57	6.33	0.81	59.74	4.64
(0.336, 0.451) GeV/c	0.0	0.0	65.8	6.4	18.7	2.3	12.1	0.2	4.8	0.5	101.4	6.8	0.00	0.00	14.37	1.19	5.72	0.72	20.09	1.39
(0.451, 0.659) GeV/c	0.0	0.0	73.3	7.1	36.8	4.6	1.0	0.0	5.4	0.5	116.5	8.5	0.00	0.00	0.88	0.07	4.87	0.60	5.75	0.61
(0.659, 1.000) GeV/c	0.0	0.0	33.5	3.2	52.3	6.5	0.0	0.0	2.1	0.2	88.0	7.2	0.00	0.00	0.00	0.00	2.50	0.32	2.50	0.32
