Dataset contains 3661 events.
***
pT range		NCohJ 	err 	NIncJ 	err 	NDiss 	err 	NCohP 	err 	NIncP 	err 	sum 	err 	fC 	err 	fD coh	err 	fD inc	err 	fD 	err
(0.000, 2.000) GeV/c	2885.1	58.3	356.8	32.7	189.7	23.7	203.1	4.1	26.3	2.4	3660.9	71.1
(0.200, 2.000) GeV/c	8.2	0.2	284.6	26.1	179.7	22.5	89.3	1.8	20.7	1.9	582.4	34.5	1.76	0.14	19.23	1.48	4.47	0.53	23.70	1.57
(0.200, 1.000) GeV/c	8.2	0.2	281.6	25.8	120.6	15.1	89.3	1.8	20.6	1.9	520.2	30.0	2.03	0.16	22.19	1.71	5.12	0.60	27.31	1.81
(0.200, 0.265) GeV/c	8.1	0.2	44.8	4.1	7.1	0.9	45.9	0.9	3.4	0.3	109.4	4.3	15.59	1.30	88.35	7.37	6.55	0.80	94.91	7.41
(0.265, 0.336) GeV/c	0.1	0.0	51.0	4.7	9.4	1.2	30.3	0.6	3.9	0.4	94.7	4.9	0.09	0.01	50.18	4.13	6.45	0.78	56.62	4.20
(0.336, 0.451) GeV/c	0.0	0.0	70.8	6.5	18.0	2.3	12.1	0.2	5.2	0.5	106.1	6.9	0.00	0.00	13.57	1.09	5.86	0.70	19.43	1.29
(0.451, 0.659) GeV/c	0.0	0.0	78.9	7.2	35.6	4.5	1.0	0.0	5.8	0.5	121.2	8.5	0.00	0.00	0.84	0.06	5.04	0.59	5.89	0.60
(0.659, 1.000) GeV/c	0.0	0.0	36.0	3.3	50.5	6.3	0.0	0.0	2.3	0.2	88.8	7.1	0.00	0.00	0.00	0.00	2.67	0.33	2.67	0.33
