Dataset contains 3661 events.
***
pT range		NCohJ 	err 	NIncJ 	err 	NDiss 	err 	NCohP 	err 	NIncP 	err 	sum 	err 	fC 	err 	fD coh	err 	fD inc	err 	fD 	err
(0.000, 2.000) GeV/c	2906.3	58.2	329.0	32.1	197.3	24.4	204.6	4.1	24.2	2.4	3661.5	71.0
(0.200, 2.000) GeV/c	6.5	0.1	262.4	25.6	186.9	23.1	89.9	1.8	19.1	1.9	564.9	34.6	1.45	0.11	20.01	1.59	4.26	0.53	24.27	1.67
(0.200, 1.000) GeV/c	6.5	0.1	259.7	25.3	125.5	15.5	89.9	1.8	19.0	1.9	500.5	29.8	1.69	0.13	23.35	1.86	4.93	0.61	28.28	1.96
(0.200, 0.265) GeV/c	6.4	0.1	41.4	4.0	7.4	0.9	46.3	0.9	3.1	0.3	104.6	4.3	13.15	1.15	94.84	8.27	6.44	0.83	101.28	8.31
(0.265, 0.336) GeV/c	0.1	0.0	47.0	4.6	9.8	1.2	30.5	0.6	3.6	0.4	91.0	4.8	0.15	0.01	53.74	4.61	6.32	0.81	60.06	4.69
(0.336, 0.451) GeV/c	0.0	0.0	65.3	6.4	18.8	2.3	12.1	0.2	4.8	0.5	101.0	6.8	0.00	0.00	14.45	1.20	5.71	0.72	20.16	1.40
(0.451, 0.659) GeV/c	0.0	0.0	72.8	7.1	37.0	4.6	1.0	0.0	5.3	0.5	116.1	8.5	0.00	0.00	0.89	0.07	4.85	0.60	5.74	0.61
(0.659, 1.000) GeV/c	0.0	0.0	33.2	3.2	52.5	6.5	0.0	0.0	2.1	0.2	87.9	7.3	0.00	0.00	0.00	0.00	2.49	0.32	2.49	0.32
