Dataset contains 3661 events.
***
pT range		NCohJ 	err 	NIncJ 	err 	NDiss 	err 	NCohP 	err 	NIncP 	err 	sum 	err 	fC 	err 	fD coh	err 	fD inc	err 	fD 	err
(0.000, 2.000) GeV/c	2893.2	58.2	346.0	32.4	192.6	23.9	203.7	4.1	25.5	2.4	3660.9	71.0
(0.200, 2.000) GeV/c	6.9	0.1	276.0	25.8	182.4	22.7	89.5	1.8	20.1	1.9	574.9	34.5	1.50	0.12	19.53	1.52	4.39	0.53	23.92	1.61
(0.200, 1.000) GeV/c	6.9	0.1	273.1	25.6	122.4	15.2	89.5	1.8	20.0	1.9	511.9	29.9	1.74	0.14	22.63	1.76	5.05	0.61	27.68	1.86
(0.200, 0.265) GeV/c	6.8	0.1	43.5	4.1	7.2	0.9	46.1	0.9	3.3	0.3	106.9	4.3	13.46	1.14	90.77	7.68	6.51	0.81	97.28	7.73
(0.265, 0.336) GeV/c	0.1	0.0	49.5	4.6	9.6	1.2	30.4	0.6	3.8	0.4	93.2	4.8	0.09	0.01	51.50	4.30	6.40	0.79	57.90	4.37
(0.336, 0.451) GeV/c	0.0	0.0	68.6	6.4	18.3	2.3	12.1	0.2	5.0	0.5	104.1	6.8	0.00	0.00	13.90	1.13	5.80	0.71	19.71	1.33
(0.451, 0.659) GeV/c	0.0	0.0	76.5	7.2	36.1	4.5	1.0	0.0	5.6	0.5	119.2	8.5	0.00	0.00	0.86	0.07	4.97	0.60	5.83	0.60
(0.659, 1.000) GeV/c	0.0	0.0	34.9	3.3	51.2	6.4	0.0	0.0	2.2	0.2	88.4	7.2	0.00	0.00	0.00	0.00	2.60	0.33	2.60	0.33
