Dataset contains 3661 events.
***
pT range		NCohJ 	err 	NIncJ 	err 	NDiss 	err 	NCohP 	err 	NIncP 	err 	sum 	err 	fC 	err 	fD coh	err 	fD inc	err 	fD 	err
(0.000, 2.000) GeV/c	2890.6	58.2	349.4	32.5	191.7	23.9	203.5	4.1	25.8	2.4	3660.9	71.0
(0.200, 2.000) GeV/c	7.3	0.1	278.7	25.9	181.5	22.6	89.4	1.8	20.3	1.9	577.3	34.5	1.59	0.12	19.43	1.50	4.42	0.53	23.85	1.59
(0.200, 1.000) GeV/c	7.3	0.1	275.8	25.7	121.9	15.2	89.4	1.8	20.2	1.9	514.5	29.9	1.84	0.14	22.49	1.75	5.07	0.61	27.56	1.85
(0.200, 0.265) GeV/c	7.2	0.1	43.9	4.1	7.2	0.9	46.0	0.9	3.3	0.3	107.7	4.3	14.17	1.19	89.99	7.58	6.53	0.81	96.52	7.63
(0.265, 0.336) GeV/c	0.1	0.0	49.9	4.6	9.5	1.2	30.4	0.6	3.8	0.4	93.7	4.8	0.09	0.01	51.08	4.25	6.41	0.79	57.49	4.32
(0.336, 0.451) GeV/c	0.0	0.0	69.3	6.4	18.2	2.3	12.1	0.2	5.1	0.5	104.7	6.9	0.00	0.00	13.80	1.11	5.82	0.71	19.62	1.32
(0.451, 0.659) GeV/c	0.0	0.0	77.3	7.2	35.9	4.5	1.0	0.0	5.7	0.5	119.8	8.5	0.00	0.00	0.86	0.07	4.99	0.60	5.85	0.60
(0.659, 1.000) GeV/c	0.0	0.0	35.3	3.3	51.0	6.4	0.0	0.0	2.3	0.2	88.6	7.2	0.00	0.00	0.00	0.00	2.62	0.33	2.62	0.33
