Dataset contains 3661 events.
***
pT range		NCohJ 	err 	NIncJ 	err 	NDiss 	err 	NCohP 	err 	NIncP 	err 	sum 	err 	fC 	err 	fD coh	err 	fD inc	err 	fD 	err
(0.000, 2.000) GeV/c	2900.1	58.2	336.7	32.1	195.1	24.1	204.2	4.1	24.8	2.4	3660.9	70.9
(0.200, 2.000) GeV/c	6.0	0.1	268.6	25.6	184.8	22.8	89.7	1.8	19.6	1.9	568.7	34.4	1.33	0.10	19.79	1.55	4.32	0.53	24.11	1.64
(0.200, 1.000) GeV/c	6.0	0.1	265.8	25.4	124.0	15.3	89.7	1.8	19.4	1.9	505.0	29.7	1.54	0.12	23.02	1.81	4.99	0.61	28.00	1.91
(0.200, 0.265) GeV/c	6.0	0.1	42.3	4.0	7.3	0.9	46.2	0.9	3.2	0.3	105.0	4.3	11.98	1.03	92.95	7.97	6.47	0.82	99.42	8.01
(0.265, 0.336) GeV/c	0.1	0.0	48.1	4.6	9.7	1.2	30.5	0.6	3.7	0.4	92.0	4.8	0.12	0.01	52.70	4.45	6.36	0.80	59.06	4.53
(0.336, 0.451) GeV/c	0.0	0.0	66.8	6.4	18.5	2.3	12.1	0.2	4.9	0.5	102.4	6.8	0.00	0.00	14.20	1.16	5.75	0.71	19.95	1.36
(0.451, 0.659) GeV/c	0.0	0.0	74.5	7.1	36.6	4.5	1.0	0.0	5.4	0.5	117.5	8.4	0.00	0.00	0.88	0.07	4.91	0.60	5.78	0.60
(0.659, 1.000) GeV/c	0.0	0.0	34.0	3.2	51.9	6.4	0.0	0.0	2.2	0.2	88.1	7.2	0.00	0.00	0.00	0.00	2.54	0.32	2.54	0.32
