Dataset contains 3661 events.
***
pT range		NCohJ 	err 	NIncJ 	err 	NDiss 	err 	NCohP 	err 	NIncP 	err 	sum 	err 	fC 	err 	fD coh	err 	fD inc	err 	fD 	err
(0.000, 2.000) GeV/c	2909.7	58.2	324.3	32.0	198.7	24.5	204.8	4.1	23.9	2.4	3661.4	70.9
(0.200, 2.000) GeV/c	8.0	0.2	258.6	25.5	188.2	23.2	90.0	1.8	18.9	1.9	563.7	34.5	1.79	0.14	20.15	1.60	4.22	0.53	24.37	1.69
(0.200, 1.000) GeV/c	8.0	0.2	255.9	25.2	126.3	15.5	90.0	1.8	18.7	1.8	499.0	29.7	2.09	0.17	23.55	1.89	4.90	0.61	28.44	1.98
(0.200, 0.265) GeV/c	7.9	0.2	40.8	4.0	7.5	0.9	46.3	0.9	3.1	0.3	105.5	4.2	16.36	1.44	96.02	8.43	6.42	0.84	102.44	8.47
(0.265, 0.336) GeV/c	0.1	0.0	46.3	4.6	9.9	1.2	30.6	0.6	3.5	0.3	90.4	4.8	0.18	0.02	54.38	4.70	6.30	0.82	60.68	4.77
(0.336, 0.451) GeV/c	0.0	0.0	64.3	6.3	18.9	2.3	12.2	0.2	4.7	0.5	100.1	6.8	0.00	0.00	14.61	1.22	5.68	0.73	20.29	1.42
(0.451, 0.659) GeV/c	0.0	0.0	71.7	7.1	37.2	4.6	1.0	0.0	5.2	0.5	115.2	8.4	0.00	0.00	0.89	0.07	4.82	0.60	5.71	0.61
(0.659, 1.000) GeV/c	0.0	0.0	32.8	3.2	52.9	6.5	0.0	0.0	2.1	0.2	87.7	7.3	0.00	0.00	0.00	0.00	2.45	0.32	2.45	0.32
