Dataset contains 3661 events.
***
pT range		NCohJ 	err 	NIncJ 	err 	NDiss 	err 	NCohP 	err 	NIncP 	err 	sum 	err 	fC 	err 	fD coh	err 	fD inc	err 	fD 	err
(0.000, 2.000) GeV/c	2895.6	58.2	342.8	32.3	193.4	24.0	203.8	4.1	25.3	2.4	3660.9	70.9
(0.200, 2.000) GeV/c	6.5	0.1	273.4	25.8	183.2	22.7	89.6	1.8	19.9	1.9	572.6	34.5	1.42	0.11	19.62	1.53	4.37	0.53	23.99	1.62
(0.200, 1.000) GeV/c	6.5	0.1	270.5	25.5	123.0	15.2	89.6	1.8	19.8	1.9	509.4	29.8	1.65	0.13	22.76	1.78	5.03	0.61	27.79	1.88
(0.200, 0.265) GeV/c	6.4	0.1	43.1	4.1	7.3	0.9	46.1	0.9	3.3	0.3	106.2	4.3	12.77	1.09	91.52	7.78	6.50	0.81	98.02	7.82
(0.265, 0.336) GeV/c	0.1	0.0	49.0	4.6	9.6	1.2	30.4	0.6	3.7	0.4	92.8	4.8	0.10	0.01	51.92	4.35	6.38	0.80	58.30	4.43
(0.336, 0.451) GeV/c	0.0	0.0	68.0	6.4	18.4	2.3	12.1	0.2	5.0	0.5	103.5	6.8	0.00	0.00	14.00	1.14	5.79	0.71	19.79	1.34
(0.451, 0.659) GeV/c	0.0	0.0	75.8	7.1	36.3	4.5	1.0	0.0	5.5	0.5	118.6	8.5	0.00	0.00	0.87	0.07	4.95	0.60	5.81	0.60
(0.659, 1.000) GeV/c	0.0	0.0	34.6	3.3	51.5	6.4	0.0	0.0	2.2	0.2	88.3	7.2	0.00	0.00	0.00	0.00	2.58	0.32	2.58	0.32
