Dataset contains 3661 events.
***
pT range		NCohJ 	err 	NIncJ 	err 	NDiss 	err 	NCohP 	err 	NIncP 	err 	sum 	err 	fC 	err 	fD coh	err 	fD inc	err 	fD 	err
(0.000, 2.000) GeV/c	2897.9	58.2	339.7	32.2	194.3	24.0	204.0	4.1	25.0	2.4	3660.9	70.9
(0.200, 2.000) GeV/c	6.2	0.1	270.9	25.7	184.0	22.8	89.7	1.8	19.8	1.9	570.6	34.4	1.36	0.11	19.71	1.54	4.34	0.53	24.05	1.63
(0.200, 1.000) GeV/c	6.2	0.1	268.1	25.4	123.5	15.3	89.7	1.8	19.6	1.9	507.1	29.8	1.58	0.12	22.89	1.79	5.01	0.61	27.90	1.89
(0.200, 0.265) GeV/c	6.1	0.1	42.7	4.1	7.3	0.9	46.1	0.9	3.2	0.3	105.5	4.3	12.23	1.04	92.24	7.88	6.49	0.82	98.73	7.92
(0.265, 0.336) GeV/c	0.1	0.0	48.6	4.6	9.6	1.2	30.4	0.6	3.7	0.4	92.4	4.8	0.11	0.01	52.32	4.40	6.37	0.80	58.69	4.48
(0.336, 0.451) GeV/c	0.0	0.0	67.4	6.4	18.5	2.3	12.1	0.2	5.0	0.5	102.9	6.8	0.00	0.00	14.10	1.15	5.77	0.71	19.87	1.35
(0.451, 0.659) GeV/c	0.0	0.0	75.1	7.1	36.4	4.5	1.0	0.0	5.5	0.5	118.0	8.4	0.00	0.00	0.87	0.07	4.93	0.60	5.80	0.60
(0.659, 1.000) GeV/c	0.0	0.0	34.3	3.3	51.7	6.4	0.0	0.0	2.2	0.2	88.2	7.2	0.00	0.00	0.00	0.00	2.56	0.32	2.56	0.32
