Dataset contains 3734 events.
***
pT range		NCohJ 	err 	NIncJ 	err 	NDiss 	err 	NCohP 	err 	NIncP 	err 	sum 	err 	fC 	err 	fD coh	err 	fD inc	err 	fD 	err
(0.000, 2.000) GeV/c	2944.8	58.9	365.9	33.0	189.1	23.9	207.3	4.1	27.0	2.4	3734.1	71.8
(0.200, 2.000) GeV/c	8.5	0.2	291.7	26.3	179.0	22.6	91.1	1.8	21.3	1.9	591.6	34.8	1.80	0.14	19.35	1.48	4.52	0.53	23.87	1.57
(0.200, 1.000) GeV/c	8.5	0.2	288.6	26.0	120.2	15.2	91.1	1.8	21.1	1.9	529.5	30.3	2.07	0.16	22.29	1.70	5.16	0.60	27.45	1.81
(0.200, 0.282) GeV/c	8.4	0.2	58.4	5.3	9.2	1.2	56.5	1.1	4.5	0.4	137.0	5.5	12.45	1.02	83.53	6.87	6.63	0.80	90.16	6.92
(0.282, 0.381) GeV/c	0.0	0.0	71.0	6.4	14.0	1.8	30.1	0.6	5.3	0.5	120.4	6.7	0.04	0.00	35.42	2.86	6.24	0.74	41.65	2.95
(0.381, 0.571) GeV/c	0.0	0.0	96.1	8.7	31.6	4.0	4.5	0.1	7.0	0.6	139.3	9.6	0.00	0.00	3.55	0.27	5.50	0.64	9.06	0.70
(0.571, 1.000) GeV/c	0.0	0.0	63.2	5.7	65.4	8.3	0.0	0.0	4.3	0.4	132.9	10.0	0.00	0.00	0.00	0.00	3.35	0.40	3.35	0.40
