Dataset contains 3734 events.
***
pT range		NCohJ 	err 	NIncJ 	err 	NDiss 	err 	NCohP 	err 	NIncP 	err 	sum 	err 	fC 	err 	fD coh	err 	fD inc	err 	fD 	err
(0.000, 2.000) GeV/c	2950.4	58.9	358.6	32.8	191.0	24.0	207.7	4.1	26.4	2.4	3734.1	71.7
(0.200, 2.000) GeV/c	7.6	0.2	285.9	26.2	180.9	22.8	91.3	1.8	20.9	1.9	586.5	34.8	1.62	0.12	19.56	1.50	4.47	0.53	24.03	1.59
(0.200, 1.000) GeV/c	7.6	0.2	282.9	25.9	121.4	15.3	91.3	1.8	20.7	1.9	523.8	30.2	1.87	0.14	22.58	1.74	5.12	0.60	27.70	1.84
(0.200, 0.282) GeV/c	7.5	0.2	57.3	5.2	9.3	1.2	56.6	1.1	4.4	0.4	135.1	5.5	11.32	0.94	85.04	7.07	6.60	0.81	91.64	7.11
(0.282, 0.381) GeV/c	0.0	0.0	69.5	6.4	14.1	1.8	30.1	0.6	5.2	0.5	119.1	6.7	0.04	0.00	36.02	2.93	6.21	0.75	42.23	3.03
(0.381, 0.571) GeV/c	0.0	0.0	94.1	8.6	32.0	4.0	4.5	0.1	6.9	0.6	137.5	9.5	0.00	0.00	3.60	0.28	5.46	0.65	9.07	0.71
(0.571, 1.000) GeV/c	0.0	0.0	61.9	5.7	66.0	8.3	0.0	0.0	4.2	0.4	132.2	10.1	0.00	0.00	0.00	0.00	3.30	0.40	3.30	0.40
