Dataset contains 3734 events.
***
pT range		NCohJ 	err 	NIncJ 	err 	NDiss 	err 	NCohP 	err 	NIncP 	err 	sum 	err 	fC 	err 	fD coh	err 	fD inc	err 	fD 	err
(0.000, 2.000) GeV/c	2959.9	58.8	346.0	32.4	194.3	24.2	208.4	4.1	25.5	2.4	3734.1	71.6
(0.200, 2.000) GeV/c	6.2	0.1	275.9	25.9	184.0	23.0	91.6	1.8	20.1	1.9	577.8	34.7	1.35	0.10	19.91	1.55	4.38	0.53	24.29	1.64
(0.200, 1.000) GeV/c	6.2	0.1	273.0	25.6	123.5	15.4	91.6	1.8	20.0	1.9	514.3	30.0	1.56	0.12	23.10	1.80	5.04	0.61	28.13	1.90
(0.200, 0.282) GeV/c	6.2	0.1	55.3	5.2	9.4	1.2	56.8	1.1	4.2	0.4	131.9	5.4	9.56	0.81	87.75	7.41	6.55	0.82	94.30	7.46
(0.282, 0.381) GeV/c	0.0	0.0	67.1	6.3	14.4	1.8	30.2	0.6	5.0	0.5	116.8	6.6	0.02	0.00	37.11	3.07	6.15	0.76	43.26	3.16
(0.381, 0.571) GeV/c	0.0	0.0	90.8	8.5	32.5	4.1	4.6	0.1	6.6	0.6	134.6	9.5	0.00	0.00	3.70	0.29	5.39	0.65	9.08	0.71
(0.571, 1.000) GeV/c	0.0	0.0	59.7	5.6	67.2	8.4	0.0	0.0	4.1	0.4	131.0	10.1	0.00	0.00	0.00	0.00	3.20	0.39	3.21	0.39
