Dataset contains 3734 events.
***
pT range		NCohJ 	err 	NIncJ 	err 	NDiss 	err 	NCohP 	err 	NIncP 	err 	sum 	err 	fC 	err 	fD coh	err 	fD inc	err 	fD 	err
(0.000, 2.000) GeV/c	2965.6	58.8	338.3	32.2	196.4	24.4	208.8	4.1	24.9	2.4	3734.1	71.5
(0.200, 2.000) GeV/c	6.7	0.1	269.7	25.7	186.0	23.1	91.8	1.8	19.7	1.9	573.8	34.6	1.46	0.11	20.13	1.58	4.32	0.53	24.45	1.66
(0.200, 1.000) GeV/c	6.7	0.1	266.8	25.4	124.9	15.5	91.8	1.8	19.5	1.9	509.7	29.9	1.70	0.13	23.42	1.84	4.98	0.61	28.41	1.94
(0.200, 0.282) GeV/c	6.6	0.1	54.0	5.1	9.5	1.2	56.9	1.1	4.1	0.4	131.2	5.4	10.43	0.89	89.49	7.64	6.52	0.82	96.01	7.68
(0.282, 0.381) GeV/c	0.0	0.0	65.6	6.2	14.5	1.8	30.3	0.6	4.9	0.5	115.4	6.5	0.03	0.00	37.81	3.16	6.11	0.76	43.92	3.25
(0.381, 0.571) GeV/c	0.0	0.0	88.8	8.5	32.9	4.1	4.6	0.1	6.5	0.6	132.8	9.4	0.00	0.00	3.75	0.30	5.34	0.65	9.09	0.72
(0.571, 1.000) GeV/c	0.0	0.0	58.4	5.6	67.9	8.4	0.0	0.0	4.0	0.4	130.3	10.1	0.00	0.00	0.00	0.00	3.15	0.39	3.15	0.39
