Dataset contains 3734 events.
***
pT range		NCohJ 	err 	NIncJ 	err 	NDiss 	err 	NCohP 	err 	NIncP 	err 	sum 	err 	fC 	err 	fD coh	err 	fD inc	err 	fD 	err
(0.000, 2.000) GeV/c	2952.9	58.8	355.2	32.7	191.8	24.1	207.9	4.1	26.2	2.4	3734.1	71.7
(0.200, 2.000) GeV/c	7.1	0.1	283.2	26.1	181.7	22.8	91.4	1.8	20.7	1.9	584.1	34.7	1.53	0.12	19.65	1.52	4.44	0.53	24.10	1.60
(0.200, 1.000) GeV/c	7.1	0.1	280.2	25.8	122.0	15.3	91.4	1.8	20.5	1.9	521.2	30.1	1.77	0.14	22.72	1.75	5.10	0.60	27.81	1.86
(0.200, 0.282) GeV/c	7.1	0.1	56.7	5.2	9.3	1.2	56.6	1.1	4.4	0.4	134.2	5.5	10.76	0.90	85.75	7.16	6.59	0.81	92.34	7.20
(0.282, 0.381) GeV/c	0.0	0.0	68.9	6.3	14.2	1.8	30.2	0.6	5.1	0.5	118.4	6.6	0.03	0.00	36.31	2.97	6.19	0.75	42.50	3.06
(0.381, 0.571) GeV/c	0.0	0.0	93.3	8.6	32.1	4.0	4.5	0.1	6.8	0.6	136.7	9.5	0.00	0.00	3.63	0.28	5.44	0.65	9.07	0.71
(0.571, 1.000) GeV/c	0.0	0.0	61.3	5.6	66.3	8.3	0.0	0.0	4.2	0.4	131.9	10.1	0.00	0.00	0.00	0.00	3.27	0.40	3.27	0.40
