Dataset contains 3734 events.
***
pT range		NCohJ 	err 	NIncJ 	err 	NDiss 	err 	NCohP 	err 	NIncP 	err 	sum 	err 	fC 	err 	fD coh	err 	fD inc	err 	fD 	err
(0.000, 2.000) GeV/c	2947.7	58.9	362.1	32.9	190.0	24.0	207.5	4.1	26.7	2.4	3734.1	71.7
(0.200, 2.000) GeV/c	8.0	0.2	288.7	26.2	180.0	22.7	91.2	1.8	21.1	1.9	589.0	34.8	1.71	0.13	19.46	1.49	4.49	0.53	23.95	1.58
(0.200, 1.000) GeV/c	8.0	0.2	285.7	26.0	120.8	15.2	91.2	1.8	20.9	1.9	526.6	30.2	1.97	0.15	22.44	1.72	5.14	0.60	27.58	1.82
(0.200, 0.282) GeV/c	8.0	0.2	57.8	5.3	9.2	1.2	56.5	1.1	4.4	0.4	136.0	5.5	11.91	0.98	84.31	6.97	6.62	0.80	90.92	7.02
(0.282, 0.381) GeV/c	0.0	0.0	70.2	6.4	14.1	1.8	30.1	0.6	5.2	0.5	119.7	6.7	0.04	0.00	35.73	2.90	6.22	0.75	41.95	2.99
(0.381, 0.571) GeV/c	0.0	0.0	95.1	8.6	31.8	4.0	4.5	0.1	7.0	0.6	138.4	9.5	0.00	0.00	3.58	0.28	5.48	0.65	9.06	0.70
(0.571, 1.000) GeV/c	0.0	0.0	62.5	5.7	65.7	8.3	0.0	0.0	4.3	0.4	132.5	10.1	0.00	0.00	0.00	0.00	3.32	0.40	3.32	0.40
