Dataset contains 3734 events.
***
pT range		NCohJ 	err 	NIncJ 	err 	NDiss 	err 	NCohP 	err 	NIncP 	err 	sum 	err 	fC 	err 	fD coh	err 	fD inc	err 	fD 	err
(0.000, 2.000) GeV/c	2955.4	58.8	352.0	32.6	192.7	24.1	208.1	4.1	25.9	2.4	3734.1	71.6
(0.200, 2.000) GeV/c	6.7	0.1	280.6	26.0	182.5	22.9	91.4	1.8	20.5	1.9	581.8	34.7	1.45	0.11	19.74	1.53	4.42	0.53	24.16	1.62
(0.200, 1.000) GeV/c	6.7	0.1	277.7	25.7	122.5	15.3	91.4	1.8	20.3	1.9	518.7	30.1	1.68	0.13	22.85	1.77	5.08	0.60	27.92	1.87
(0.200, 0.282) GeV/c	6.7	0.1	56.2	5.2	9.4	1.2	56.7	1.1	4.3	0.4	133.3	5.5	10.21	0.86	86.44	7.25	6.58	0.81	93.02	7.29
(0.282, 0.381) GeV/c	0.0	0.0	68.3	6.3	14.3	1.8	30.2	0.6	5.1	0.5	117.9	6.6	0.03	0.00	36.59	3.00	6.18	0.75	42.76	3.10
(0.381, 0.571) GeV/c	0.0	0.0	92.4	8.6	32.3	4.0	4.6	0.1	6.8	0.6	136.0	9.5	0.00	0.00	3.65	0.29	5.42	0.65	9.08	0.71
(0.571, 1.000) GeV/c	0.0	0.0	60.8	5.6	66.6	8.3	0.0	0.0	4.1	0.4	131.6	10.1	0.00	0.00	0.00	0.00	3.25	0.40	3.25	0.40
