Dataset contains 3734 events.
***
pT range		NCohJ 	err 	NIncJ 	err 	NDiss 	err 	NCohP 	err 	NIncP 	err 	sum 	err 	fC 	err 	fD coh	err 	fD inc	err 	fD 	err
(0.000, 2.000) GeV/c	2969.2	58.8	333.5	32.1	197.8	24.5	209.0	4.1	24.6	2.4	3734.1	71.5
(0.200, 2.000) GeV/c	8.2	0.2	265.9	25.6	187.3	23.2	91.9	1.8	19.4	1.9	572.6	34.6	1.80	0.14	20.27	1.59	4.28	0.52	24.55	1.68
(0.200, 1.000) GeV/c	8.2	0.2	263.1	25.3	125.7	15.5	91.9	1.8	19.2	1.9	508.1	29.8	2.10	0.17	23.63	1.86	4.95	0.61	28.58	1.96
(0.200, 0.282) GeV/c	8.1	0.2	53.3	5.1	9.6	1.2	57.0	1.1	4.1	0.4	132.0	5.4	12.93	1.11	90.60	7.79	6.50	0.83	97.09	7.83
(0.282, 0.381) GeV/c	0.0	0.0	64.7	6.2	14.6	1.8	30.3	0.6	4.8	0.5	114.5	6.5	0.04	0.00	38.25	3.21	6.09	0.77	44.34	3.31
(0.381, 0.571) GeV/c	0.0	0.0	87.6	8.4	33.1	4.1	4.6	0.1	6.4	0.6	131.6	9.4	0.00	0.00	3.79	0.30	5.31	0.66	9.10	0.72
(0.571, 1.000) GeV/c	0.0	0.0	57.6	5.5	68.4	8.5	0.0	0.0	3.9	0.4	129.9	10.1	0.00	0.00	0.00	0.00	3.11	0.39	3.12	0.39
