Dataset contains 3734 events.
***
pT range		NCohJ 	err 	NIncJ 	err 	NDiss 	err 	NCohP 	err 	NIncP 	err 	sum 	err 	fC 	err 	fD coh	err 	fD inc	err 	fD 	err
(0.000, 2.000) GeV/c	2967.4	58.8	335.8	32.1	197.1	24.4	208.9	4.1	24.8	2.4	3734.1	71.5
(0.200, 2.000) GeV/c	7.3	0.1	267.8	25.6	186.7	23.1	91.8	1.8	19.5	1.9	573.1	34.6	1.60	0.13	20.20	1.59	4.30	0.53	24.50	1.67
(0.200, 1.000) GeV/c	7.3	0.1	264.9	25.4	125.3	15.5	91.8	1.8	19.4	1.9	508.7	29.8	1.87	0.15	23.53	1.85	4.97	0.61	28.49	1.95
(0.200, 0.282) GeV/c	7.3	0.1	53.6	5.1	9.6	1.2	56.9	1.1	4.1	0.4	131.5	5.4	11.49	0.98	90.04	7.71	6.51	0.83	96.55	7.76
(0.282, 0.381) GeV/c	0.0	0.0	65.1	6.2	14.6	1.8	30.3	0.6	4.9	0.5	114.9	6.5	0.03	0.00	38.03	3.19	6.10	0.77	44.13	3.28
(0.381, 0.571) GeV/c	0.0	0.0	88.2	8.4	33.0	4.1	4.6	0.1	6.5	0.6	132.2	9.4	0.00	0.00	3.77	0.30	5.32	0.66	9.10	0.72
(0.571, 1.000) GeV/c	0.0	0.0	58.0	5.6	68.2	8.4	0.0	0.0	3.9	0.4	130.1	10.1	0.00	0.00	0.00	0.00	3.13	0.39	3.13	0.39
