Dataset contains 3734 events.
***
pT range		NCohJ 	err 	NIncJ 	err 	NDiss 	err 	NCohP 	err 	NIncP 	err 	sum 	err 	fC 	err 	fD coh	err 	fD inc	err 	fD 	err
(0.000, 2.000) GeV/c	2957.7	58.8	348.9	32.5	193.5	24.2	208.2	4.1	25.7	2.4	3734.1	71.6
(0.200, 2.000) GeV/c	6.4	0.1	278.2	25.9	183.3	22.9	91.5	1.8	20.3	1.9	579.7	34.7	1.38	0.11	19.83	1.54	4.40	0.53	24.23	1.63
(0.200, 1.000) GeV/c	6.4	0.1	275.3	25.7	123.0	15.4	91.5	1.8	20.1	1.9	516.3	30.0	1.60	0.12	22.98	1.79	5.06	0.61	28.03	1.89
(0.200, 0.282) GeV/c	6.4	0.1	55.7	5.2	9.4	1.2	56.7	1.1	4.3	0.4	132.5	5.5	9.77	0.82	87.11	7.33	6.56	0.81	93.67	7.38
(0.282, 0.381) GeV/c	0.0	0.0	67.7	6.3	14.3	1.8	30.2	0.6	5.1	0.5	117.3	6.6	0.03	0.00	36.85	3.04	6.16	0.76	43.01	3.13
(0.381, 0.571) GeV/c	0.0	0.0	91.6	8.5	32.4	4.0	4.6	0.1	6.7	0.6	135.3	9.5	0.00	0.00	3.67	0.29	5.41	0.65	9.08	0.71
(0.571, 1.000) GeV/c	0.0	0.0	60.3	5.6	66.9	8.4	0.0	0.0	4.1	0.4	131.3	10.1	0.00	0.00	0.00	0.00	3.23	0.39	3.23	0.39
