Dataset contains 3734 events.
***
pT range		NCohJ 	err 	NIncJ 	err 	NDiss 	err 	NCohP 	err 	NIncP 	err 	sum 	err 	fC 	err 	fD coh	err 	fD inc	err 	fD 	err
(0.000, 2.000) GeV/c	2961.9	58.8	343.3	32.4	195.1	24.3	208.5	4.1	25.3	2.4	3734.1	71.6
(0.200, 2.000) GeV/c	6.1	0.1	273.7	25.8	184.7	23.0	91.6	1.8	20.0	1.9	576.2	34.7	1.34	0.10	19.99	1.56	4.35	0.53	24.35	1.64
(0.200, 1.000) GeV/c	6.1	0.1	270.8	25.5	124.0	15.4	91.6	1.8	19.8	1.9	512.4	30.0	1.56	0.12	23.21	1.81	5.02	0.61	28.23	1.91
(0.200, 0.282) GeV/c	6.1	0.1	54.8	5.2	9.5	1.2	56.8	1.1	4.2	0.4	131.5	5.4	9.53	0.81	88.36	7.49	6.54	0.82	94.90	7.54
(0.282, 0.381) GeV/c	0.0	0.0	66.6	6.3	14.4	1.8	30.3	0.6	5.0	0.5	116.3	6.6	0.02	0.00	37.35	3.10	6.14	0.76	43.49	3.19
(0.381, 0.571) GeV/c	0.0	0.0	90.1	8.5	32.7	4.1	4.6	0.1	6.6	0.6	133.9	9.4	0.00	0.00	3.72	0.29	5.37	0.65	9.09	0.72
(0.571, 1.000) GeV/c	0.0	0.0	59.3	5.6	67.4	8.4	0.0	0.0	4.0	0.4	130.8	10.1	0.00	0.00	0.00	0.00	3.19	0.39	3.19	0.39
