Dataset contains 3734 events.
***
pT range		NCohJ 	err 	NIncJ 	err 	NDiss 	err 	NCohP 	err 	NIncP 	err 	sum 	err 	fC 	err 	fD coh	err 	fD inc	err 	fD 	err
(0.000, 2.000) GeV/c	2963.8	58.8	340.7	32.3	195.8	24.3	208.7	4.1	25.1	2.4	3734.1	71.5
(0.200, 2.000) GeV/c	6.3	0.1	271.7	25.7	185.4	23.0	91.7	1.8	19.8	1.9	574.9	34.6	1.38	0.11	20.06	1.57	4.34	0.53	24.40	1.65
(0.200, 1.000) GeV/c	6.3	0.1	268.8	25.5	124.5	15.5	91.7	1.8	19.7	1.9	510.9	29.9	1.60	0.13	23.32	1.83	5.00	0.61	28.32	1.92
(0.200, 0.282) GeV/c	6.3	0.1	54.4	5.2	9.5	1.2	56.9	1.1	4.2	0.4	131.3	5.4	9.84	0.84	88.93	7.57	6.53	0.82	95.46	7.61
(0.282, 0.381) GeV/c	0.0	0.0	66.1	6.3	14.5	1.8	30.3	0.6	4.9	0.5	115.8	6.6	0.02	0.00	37.58	3.13	6.12	0.76	43.71	3.22
(0.381, 0.571) GeV/c	0.0	0.0	89.5	8.5	32.8	4.1	4.6	0.1	6.5	0.6	133.3	9.4	0.00	0.00	3.74	0.30	5.36	0.65	9.09	0.72
(0.571, 1.000) GeV/c	0.0	0.0	58.8	5.6	67.7	8.4	0.0	0.0	4.0	0.4	130.5	10.1	0.00	0.00	0.00	0.00	3.17	0.39	3.17	0.39
