Dataset contains 3734 events.
***
pT range		NCohJ 	err 	NIncJ 	err 	NDiss 	err 	NCohP 	err 	NIncP 	err 	sum 	err 	fC 	err 	fD coh	err 	fD inc	err 	fD 	err
(0.000, 2.000) GeV/c	2970.9	58.8	331.1	32.0	198.4	24.5	209.2	4.1	24.4	2.4	3734.1	71.5
(0.200, 2.000) GeV/c	9.3	0.2	264.0	25.5	187.9	23.2	91.9	1.8	19.3	1.9	572.4	34.6	2.05	0.16	20.34	1.60	4.26	0.52	24.60	1.69
(0.200, 1.000) GeV/c	9.3	0.2	261.2	25.2	126.2	15.6	91.9	1.8	19.1	1.8	507.7	29.8	2.40	0.19	23.73	1.88	4.93	0.61	28.66	1.97
(0.200, 0.282) GeV/c	9.2	0.2	52.9	5.1	9.6	1.2	57.0	1.1	4.1	0.4	132.8	5.4	14.77	1.27	91.14	7.86	6.49	0.83	97.63	7.90
(0.282, 0.381) GeV/c	0.0	0.0	64.2	6.2	14.7	1.8	30.4	0.6	4.8	0.5	114.1	6.5	0.05	0.00	38.47	3.24	6.08	0.77	44.54	3.33
(0.381, 0.571) GeV/c	0.0	0.0	86.9	8.4	33.2	4.1	4.6	0.1	6.4	0.6	131.1	9.4	0.00	0.00	3.81	0.31	5.29	0.66	9.10	0.72
(0.571, 1.000) GeV/c	0.0	0.0	57.2	5.5	68.6	8.5	0.0	0.0	3.9	0.4	129.7	10.1	0.00	0.00	0.00	0.00	3.10	0.39	3.10	0.39
