Dataset contains 3661 events.
***
pT range		NCohJ 	err 	NIncJ 	err 	NDiss 	err 	NCohP 	err 	NIncP 	err 	sum 	err 	fC 	err 	fD coh	err 	fD inc	err 	fD 	err
(0.000, 2.000) GeV/c	2898.8	58.3	338.6	32.3	194.5	24.1	204.1	4.1	25.0	2.4	3660.9	71.0
(0.200, 2.000) GeV/c	8.9	0.2	270.1	25.8	184.2	22.8	89.7	1.8	19.7	1.9	572.5	34.5	1.95	0.15	19.74	1.55	4.33	0.53	24.08	1.64
(0.200, 1.000) GeV/c	8.9	0.2	267.2	25.5	123.7	15.3	89.7	1.8	19.5	1.9	509.0	29.9	2.27	0.18	22.94	1.81	5.00	0.61	27.94	1.91
(0.200, 0.265) GeV/c	8.8	0.2	42.6	4.1	7.3	0.9	46.1	0.9	3.2	0.3	108.0	4.3	17.55	1.51	92.51	7.95	6.48	0.82	99.00	7.99
(0.265, 0.336) GeV/c	0.1	0.0	48.4	4.6	9.7	1.2	30.5	0.6	3.7	0.4	92.3	4.8	0.18	0.02	52.46	4.44	6.37	0.80	58.83	4.51
(0.336, 0.451) GeV/c	0.0	0.0	67.2	6.4	18.5	2.3	12.1	0.2	4.9	0.5	102.7	6.8	0.00	0.00	14.14	1.16	5.76	0.72	19.90	1.36
(0.451, 0.659) GeV/c	0.0	0.0	74.9	7.2	36.5	4.5	1.0	0.0	5.5	0.5	117.8	8.5	0.00	0.00	0.87	0.07	4.92	0.60	5.79	0.60
(0.659, 1.000) GeV/c	0.0	0.0	34.2	3.3	51.8	6.4	0.0	0.0	2.2	0.2	88.2	7.2	0.00	0.00	0.00	0.00	2.55	0.32	2.55	0.32
