Dataset contains 3661 events.
***
pT range		NCohJ 	err 	NIncJ 	err 	NDiss 	err 	NCohP 	err 	NIncP 	err 	sum 	err 	fC 	err 	fD coh	err 	fD inc	err 	fD 	err
(0.000, 2.000) GeV/c	2902.5	58.3	334.4	32.4	195.8	24.3	204.3	4.1	24.6	2.4	3661.6	71.1
(0.200, 2.000) GeV/c	8.9	0.2	266.7	25.8	185.4	23.0	89.8	1.8	19.4	1.9	570.2	34.7	1.96	0.15	19.86	1.57	4.30	0.53	24.16	1.66
(0.200, 1.000) GeV/c	8.9	0.2	263.9	25.6	124.5	15.4	89.8	1.8	19.3	1.9	506.3	30.0	2.28	0.18	23.12	1.84	4.97	0.61	28.09	1.94
(0.200, 0.265) GeV/c	8.8	0.2	42.0	4.1	7.4	0.9	46.2	0.9	3.2	0.3	107.5	4.3	17.72	1.54	93.54	8.12	6.46	0.83	100.00	8.16
(0.265, 0.336) GeV/c	0.1	0.0	47.8	4.6	9.7	1.2	30.5	0.6	3.6	0.4	91.8	4.8	0.18	0.02	53.03	4.54	6.35	0.81	59.37	4.61
(0.336, 0.451) GeV/c	0.0	0.0	66.3	6.4	18.6	2.3	12.1	0.2	4.9	0.5	101.9	6.8	0.00	0.00	14.28	1.18	5.74	0.72	20.02	1.39
(0.451, 0.659) GeV/c	0.0	0.0	74.0	7.2	36.7	4.5	1.0	0.0	5.4	0.5	117.0	8.5	0.00	0.00	0.88	0.07	4.89	0.60	5.77	0.61
(0.659, 1.000) GeV/c	0.0	0.0	33.8	3.3	52.1	6.5	0.0	0.0	2.2	0.2	88.0	7.2	0.00	0.00	0.00	0.00	2.52	0.32	2.52	0.32
