Dataset contains 3661 events.
***
pT range		NCohJ 	err 	NIncJ 	err 	NDiss 	err 	NCohP 	err 	NIncP 	err 	sum 	err 	fC 	err 	fD coh	err 	fD inc	err 	fD 	err
(0.000, 2.000) GeV/c	2907.3	58.2	327.6	32.1	197.7	24.4	204.7	4.1	24.1	2.4	3661.5	71.0
(0.200, 2.000) GeV/c	8.8	0.2	261.3	25.6	187.3	23.1	89.9	1.8	19.1	1.9	566.4	34.6	1.97	0.16	20.05	1.59	4.25	0.53	24.30	1.68
(0.200, 1.000) GeV/c	8.8	0.2	258.6	25.3	125.7	15.5	89.9	1.8	18.9	1.9	502.0	29.8	2.30	0.18	23.41	1.87	4.92	0.61	28.33	1.97
(0.200, 0.265) GeV/c	8.7	0.2	41.2	4.0	7.4	0.9	46.3	0.9	3.1	0.3	106.8	4.3	17.96	1.57	95.19	8.33	6.44	0.84	101.62	8.37
(0.265, 0.336) GeV/c	0.1	0.0	46.8	4.6	9.8	1.2	30.5	0.6	3.6	0.4	90.9	4.8	0.19	0.02	53.93	4.65	6.31	0.81	60.24	4.72
(0.336, 0.451) GeV/c	0.0	0.0	65.0	6.4	18.8	2.3	12.1	0.2	4.8	0.5	100.7	6.8	0.00	0.00	14.50	1.21	5.70	0.72	20.20	1.41
(0.451, 0.659) GeV/c	0.0	0.0	72.5	7.1	37.1	4.6	1.0	0.0	5.3	0.5	115.8	8.5	0.00	0.00	0.89	0.07	4.84	0.60	5.73	0.61
(0.659, 1.000) GeV/c	0.0	0.0	33.1	3.2	52.6	6.5	0.0	0.0	2.1	0.2	87.8	7.3	0.00	0.00	0.00	0.00	2.48	0.32	2.48	0.32
