Dataset contains 3661 events.
***
pT range		NCohJ 	err 	NIncJ 	err 	NDiss 	err 	NCohP 	err 	NIncP 	err 	sum 	err 	fC 	err 	fD coh	err 	fD inc	err 	fD 	err
(0.000, 2.000) GeV/c	2906.3	58.3	329.1	32.2	197.3	24.4	204.6	4.1	24.3	2.4	3661.5	71.0
(0.200, 2.000) GeV/c	8.8	0.2	262.5	25.7	186.8	23.1	89.9	1.8	19.1	1.9	567.2	34.6	1.97	0.16	20.01	1.59	4.26	0.53	24.27	1.67
(0.200, 1.000) GeV/c	8.8	0.2	259.7	25.4	125.4	15.5	89.9	1.8	19.0	1.9	502.9	29.9	2.30	0.18	23.35	1.86	4.93	0.61	28.28	1.96
(0.200, 0.265) GeV/c	8.7	0.2	41.4	4.0	7.4	0.9	46.3	0.9	3.1	0.3	106.9	4.3	17.92	1.56	94.83	8.28	6.44	0.83	101.27	8.32
(0.265, 0.336) GeV/c	0.1	0.0	47.0	4.6	9.8	1.2	30.5	0.6	3.6	0.4	91.1	4.8	0.19	0.02	53.73	4.62	6.32	0.81	60.05	4.69
(0.336, 0.451) GeV/c	0.0	0.0	65.3	6.4	18.7	2.3	12.1	0.2	4.8	0.5	101.0	6.8	0.00	0.00	14.45	1.20	5.71	0.72	20.16	1.40
(0.451, 0.659) GeV/c	0.0	0.0	72.8	7.1	37.0	4.6	1.0	0.0	5.3	0.5	116.1	8.5	0.00	0.00	0.89	0.07	4.85	0.60	5.74	0.61
(0.659, 1.000) GeV/c	0.0	0.0	33.2	3.3	52.5	6.5	0.0	0.0	2.1	0.2	87.9	7.3	0.00	0.00	0.00	0.00	2.49	0.32	2.49	0.32
