Dataset contains 3661 events.
***
pT range		NCohJ 	err 	NIncJ 	err 	NDiss 	err 	NCohP 	err 	NIncP 	err 	sum 	err 	fC 	err 	fD coh	err 	fD inc	err 	fD 	err
(0.000, 2.000) GeV/c	2897.0	58.3	341.0	32.4	193.9	24.0	203.9	4.1	25.1	2.4	3660.9	71.1
(0.200, 2.000) GeV/c	8.9	0.2	272.0	25.9	183.6	22.7	89.6	1.8	19.8	1.9	573.9	34.6	1.94	0.15	19.67	1.54	4.35	0.53	24.03	1.63
(0.200, 1.000) GeV/c	8.9	0.2	269.1	25.6	123.3	15.3	89.6	1.8	19.7	1.9	510.6	29.9	2.26	0.18	22.84	1.80	5.02	0.61	27.86	1.90
(0.200, 0.265) GeV/c	8.8	0.2	42.9	4.1	7.3	0.9	46.1	0.9	3.3	0.3	108.3	4.3	17.45	1.49	91.94	7.88	6.49	0.82	98.43	7.92
(0.265, 0.336) GeV/c	0.1	0.0	48.7	4.6	9.6	1.2	30.4	0.6	3.7	0.4	92.6	4.8	0.18	0.02	52.15	4.40	6.38	0.80	58.53	4.48
(0.336, 0.451) GeV/c	0.0	0.0	67.6	6.4	18.4	2.3	12.1	0.2	5.0	0.5	103.1	6.8	0.00	0.00	14.06	1.15	5.78	0.72	19.84	1.36
(0.451, 0.659) GeV/c	0.0	0.0	75.4	7.2	36.3	4.5	1.0	0.0	5.5	0.5	118.3	8.5	0.00	0.00	0.87	0.07	4.94	0.60	5.81	0.60
(0.659, 1.000) GeV/c	0.0	0.0	34.4	3.3	51.6	6.4	0.0	0.0	2.2	0.2	88.2	7.2	0.00	0.00	0.00	0.00	2.57	0.33	2.57	0.33
