Dataset contains 3661 events.
***
pT range		NCohJ 	err 	NIncJ 	err 	NDiss 	err 	NCohP 	err 	NIncP 	err 	sum 	err 	fC 	err 	fD coh	err 	fD inc	err 	fD 	err
(0.000, 2.000) GeV/c	2905.1	58.3	330.7	32.2	196.8	24.3	204.5	4.1	24.4	2.4	3661.5	71.1
(0.200, 2.000) GeV/c	8.9	0.2	263.8	25.7	186.4	23.0	89.9	1.8	19.2	1.9	568.1	34.6	1.97	0.16	19.97	1.58	4.27	0.53	24.24	1.67
(0.200, 1.000) GeV/c	8.9	0.2	261.0	25.4	125.1	15.5	89.9	1.8	19.1	1.9	503.9	29.9	2.29	0.18	23.28	1.86	4.94	0.61	28.22	1.95
(0.200, 0.265) GeV/c	8.7	0.2	41.6	4.1	7.4	0.9	46.2	0.9	3.2	0.3	107.1	4.3	17.86	1.56	94.43	8.23	6.45	0.83	100.88	8.27
(0.265, 0.336) GeV/c	0.1	0.0	47.3	4.6	9.8	1.2	30.5	0.6	3.6	0.4	91.3	4.8	0.19	0.02	53.51	4.60	6.33	0.81	59.84	4.67
(0.336, 0.451) GeV/c	0.0	0.0	65.6	6.4	18.7	2.3	12.1	0.2	4.8	0.5	101.3	6.8	0.00	0.00	14.40	1.20	5.72	0.72	20.12	1.40
(0.451, 0.659) GeV/c	0.0	0.0	73.2	7.1	36.9	4.6	1.0	0.0	5.4	0.5	116.4	8.5	0.00	0.00	0.88	0.07	4.86	0.60	5.75	0.61
(0.659, 1.000) GeV/c	0.0	0.0	33.4	3.3	52.4	6.5	0.0	0.0	2.1	0.2	87.9	7.3	0.00	0.00	0.00	0.00	2.50	0.32	2.50	0.32
