Dataset contains 3661 events.
***
pT range		NCohJ 	err 	NIncJ 	err 	NDiss 	err 	NCohP 	err 	NIncP 	err 	sum 	err 	fC 	err 	fD coh	err 	fD inc	err 	fD 	err
(0.000, 2.000) GeV/c	2909.3	58.2	324.8	32.0	198.5	24.4	204.8	4.1	23.9	2.4	3661.4	71.0
(0.200, 2.000) GeV/c	8.8	0.2	259.1	25.5	188.0	23.1	90.0	1.8	18.9	1.9	564.9	34.6	1.97	0.16	20.13	1.60	4.23	0.53	24.36	1.69
(0.200, 1.000) GeV/c	8.8	0.2	256.4	25.3	126.2	15.5	90.0	1.8	18.7	1.8	500.2	29.8	2.31	0.18	23.53	1.88	4.90	0.61	28.43	1.98
(0.200, 0.265) GeV/c	8.7	0.2	40.8	4.0	7.5	0.9	46.3	0.9	3.1	0.3	106.4	4.2	18.05	1.58	95.88	8.41	6.42	0.84	102.31	8.46
(0.265, 0.336) GeV/c	0.1	0.0	46.4	4.6	9.9	1.2	30.6	0.6	3.5	0.3	90.5	4.8	0.19	0.02	54.31	4.69	6.30	0.82	60.61	4.76
(0.336, 0.451) GeV/c	0.0	0.0	64.4	6.3	18.9	2.3	12.2	0.2	4.7	0.5	100.2	6.8	0.00	0.00	14.59	1.22	5.69	0.73	20.28	1.42
(0.451, 0.659) GeV/c	0.0	0.0	71.9	7.1	37.2	4.6	1.0	0.0	5.3	0.5	115.3	8.4	0.00	0.00	0.89	0.07	4.82	0.60	5.71	0.61
(0.659, 1.000) GeV/c	0.0	0.0	32.8	3.2	52.8	6.5	0.0	0.0	2.1	0.2	87.7	7.3	0.00	0.00	0.00	0.00	2.46	0.32	2.46	0.32
