Dataset contains 3661 events.
***
pT range		NCohJ 	err 	NIncJ 	err 	NDiss 	err 	NCohP 	err 	NIncP 	err 	sum 	err 	fC 	err 	fD coh	err 	fD inc	err 	fD 	err
(0.000, 2.000) GeV/c	2895.0	58.3	343.7	32.5	193.1	24.0	203.8	4.1	25.3	2.4	3660.9	71.1
(0.200, 2.000) GeV/c	8.9	0.2	274.1	26.0	182.9	22.7	89.6	1.8	20.0	1.9	575.4	34.6	1.94	0.15	19.60	1.53	4.37	0.53	23.97	1.62
(0.200, 1.000) GeV/c	8.9	0.2	271.2	25.7	122.8	15.2	89.6	1.8	19.8	1.9	512.3	30.0	2.25	0.18	22.73	1.78	5.03	0.61	27.76	1.88
(0.200, 0.265) GeV/c	8.8	0.2	43.2	4.1	7.3	0.9	46.1	0.9	3.3	0.3	108.6	4.3	17.34	1.48	91.32	7.80	6.50	0.82	97.82	7.84
(0.265, 0.336) GeV/c	0.1	0.0	49.1	4.7	9.6	1.2	30.4	0.6	3.8	0.4	93.0	4.9	0.18	0.02	51.81	4.36	6.39	0.80	58.20	4.44
(0.336, 0.451) GeV/c	0.0	0.0	68.2	6.5	18.4	2.3	12.1	0.2	5.0	0.5	103.6	6.9	0.00	0.00	13.98	1.14	5.79	0.71	19.77	1.35
(0.451, 0.659) GeV/c	0.0	0.0	76.0	7.2	36.2	4.5	1.0	0.0	5.6	0.5	118.7	8.5	0.00	0.00	0.86	0.07	4.96	0.60	5.82	0.60
(0.659, 1.000) GeV/c	0.0	0.0	34.7	3.3	51.4	6.4	0.0	0.0	2.2	0.2	88.3	7.2	0.00	0.00	0.00	0.00	2.59	0.33	2.59	0.33
