Dataset contains 3661 events.
***
pT range		NCohJ 	err 	NIncJ 	err 	NDiss 	err 	NCohP 	err 	NIncP 	err 	sum 	err 	fC 	err 	fD coh	err 	fD inc	err 	fD 	err
(0.000, 2.000) GeV/c	2910.3	58.2	323.5	31.9	198.9	24.5	204.9	4.1	23.8	2.4	3661.4	70.9
(0.200, 2.000) GeV/c	8.8	0.2	258.0	25.5	188.4	23.2	90.0	1.8	18.8	1.9	564.1	34.5	1.97	0.16	20.17	1.61	4.21	0.53	24.38	1.69
(0.200, 1.000) GeV/c	8.8	0.2	255.3	25.2	126.5	15.6	90.0	1.8	18.7	1.8	499.3	29.7	2.31	0.18	23.58	1.89	4.89	0.61	28.47	1.99
(0.200, 0.265) GeV/c	8.7	0.2	40.7	4.0	7.5	0.9	46.3	0.9	3.1	0.3	106.3	4.2	18.08	1.59	96.22	8.46	6.42	0.84	102.64	8.50
(0.265, 0.336) GeV/c	0.1	0.0	46.2	4.6	9.9	1.2	30.6	0.6	3.5	0.3	90.3	4.8	0.19	0.02	54.49	4.72	6.29	0.82	60.78	4.79
(0.336, 0.451) GeV/c	0.0	0.0	64.2	6.3	18.9	2.3	12.2	0.2	4.7	0.5	100.0	6.8	0.00	0.00	14.63	1.22	5.68	0.73	20.31	1.42
(0.451, 0.659) GeV/c	0.0	0.0	71.6	7.1	37.3	4.6	1.0	0.0	5.2	0.5	115.0	8.4	0.00	0.00	0.90	0.07	4.81	0.60	5.71	0.61
(0.659, 1.000) GeV/c	0.0	0.0	32.7	3.2	52.9	6.5	0.0	0.0	2.1	0.2	87.7	7.3	0.00	0.00	0.00	0.00	2.45	0.32	2.45	0.32
