Dataset contains 3661 events.
***
pT range		NCohJ 	err 	NIncJ 	err 	NDiss 	err 	NCohP 	err 	NIncP 	err 	sum 	err 	fC 	err 	fD coh	err 	fD inc	err 	fD 	err
(0.000, 2.000) GeV/c	2908.3	58.2	326.2	32.1	198.1	24.4	204.7	4.1	24.0	2.4	3661.5	71.0
(0.200, 2.000) GeV/c	8.8	0.2	260.2	25.6	187.6	23.1	90.0	1.8	19.0	1.9	565.6	34.6	1.97	0.16	20.09	1.60	4.24	0.53	24.33	1.68
(0.200, 1.000) GeV/c	8.8	0.2	257.5	25.3	126.0	15.5	90.0	1.8	18.8	1.9	501.1	29.8	2.30	0.18	23.47	1.88	4.91	0.61	28.38	1.97
(0.200, 0.265) GeV/c	8.7	0.2	41.0	4.0	7.5	0.9	46.3	0.9	3.1	0.3	106.6	4.3	18.01	1.58	95.54	8.37	6.43	0.84	101.97	8.41
(0.265, 0.336) GeV/c	0.1	0.0	46.6	4.6	9.8	1.2	30.6	0.6	3.6	0.3	90.7	4.8	0.19	0.02	54.12	4.67	6.31	0.82	60.42	4.74
(0.336, 0.451) GeV/c	0.0	0.0	64.7	6.4	18.8	2.3	12.1	0.2	4.8	0.5	100.4	6.8	0.00	0.00	14.54	1.21	5.69	0.73	20.24	1.41
(0.451, 0.659) GeV/c	0.0	0.0	72.2	7.1	37.1	4.6	1.0	0.0	5.3	0.5	115.5	8.5	0.00	0.00	0.89	0.07	4.83	0.60	5.72	0.61
(0.659, 1.000) GeV/c	0.0	0.0	32.9	3.2	52.7	6.5	0.0	0.0	2.1	0.2	87.8	7.3	0.00	0.00	0.00	0.00	2.47	0.32	2.47	0.32
