Dataset contains 3661 events.
***
pT range		NCohJ 	err 	NIncJ 	err 	NDiss 	err 	NCohP 	err 	NIncP 	err 	sum 	err 	fC 	err 	fD coh	err 	fD inc	err 	fD 	err
(0.000, 2.000) GeV/c	2900.4	58.3	336.4	32.3	195.1	24.1	204.2	4.1	24.8	2.4	3660.9	71.0
(0.200, 2.000) GeV/c	8.9	0.2	268.3	25.7	184.8	22.8	89.7	1.8	19.6	1.9	571.3	34.5	1.96	0.15	19.80	1.55	4.32	0.53	24.12	1.64
(0.200, 1.000) GeV/c	8.9	0.2	265.5	25.5	124.1	15.3	89.7	1.8	19.4	1.9	507.6	29.8	2.27	0.18	23.03	1.82	4.98	0.61	28.02	1.92
(0.200, 0.265) GeV/c	8.8	0.2	42.3	4.1	7.3	0.9	46.2	0.9	3.2	0.3	107.8	4.3	17.64	1.52	93.04	8.01	6.47	0.82	99.51	8.05
(0.265, 0.336) GeV/c	0.1	0.0	48.1	4.6	9.7	1.2	30.5	0.6	3.7	0.4	92.0	4.8	0.18	0.02	52.75	4.48	6.36	0.80	59.11	4.55
(0.336, 0.451) GeV/c	0.0	0.0	66.7	6.4	18.5	2.3	12.1	0.2	4.9	0.5	102.3	6.8	0.00	0.00	14.21	1.17	5.75	0.72	19.96	1.37
(0.451, 0.659) GeV/c	0.0	0.0	74.4	7.1	36.6	4.5	1.0	0.0	5.4	0.5	117.4	8.5	0.00	0.00	0.88	0.07	4.90	0.60	5.78	0.60
(0.659, 1.000) GeV/c	0.0	0.0	34.0	3.3	51.9	6.4	0.0	0.0	2.2	0.2	88.1	7.2	0.00	0.00	0.00	0.00	2.54	0.32	2.54	0.32
