Dataset contains 3661 events.
***
pT range		NCohJ 	err 	NIncJ 	err 	NDiss 	err 	NCohP 	err 	NIncP 	err 	sum 	err 	fC 	err 	fD coh	err 	fD inc	err 	fD 	err
(0.000, 2.000) GeV/c	2903.8	58.3	332.5	32.3	196.3	24.3	204.4	4.1	24.5	2.4	3661.5	71.1
(0.200, 2.000) GeV/c	8.9	0.2	265.2	25.8	185.9	23.0	89.8	1.8	19.3	1.9	569.1	34.7	1.96	0.16	19.92	1.58	4.29	0.53	24.20	1.66
(0.200, 1.000) GeV/c	8.9	0.2	262.4	25.5	124.8	15.5	89.8	1.8	19.2	1.9	505.1	29.9	2.29	0.18	23.20	1.85	4.96	0.61	28.16	1.95
(0.200, 0.265) GeV/c	8.7	0.2	41.8	4.1	7.4	0.9	46.2	0.9	3.2	0.3	107.3	4.3	17.79	1.55	94.00	8.18	6.46	0.83	100.45	8.22
(0.265, 0.336) GeV/c	0.1	0.0	47.5	4.6	9.7	1.2	30.5	0.6	3.6	0.4	91.5	4.8	0.18	0.02	53.28	4.57	6.34	0.81	59.61	4.64
(0.336, 0.451) GeV/c	0.0	0.0	66.0	6.4	18.7	2.3	12.1	0.2	4.8	0.5	101.6	6.8	0.00	0.00	14.34	1.19	5.73	0.72	20.07	1.39
(0.451, 0.659) GeV/c	0.0	0.0	73.5	7.1	36.8	4.6	1.0	0.0	5.4	0.5	116.7	8.5	0.00	0.00	0.88	0.07	4.88	0.60	5.76	0.61
(0.659, 1.000) GeV/c	0.0	0.0	33.6	3.3	52.2	6.5	0.0	0.0	2.2	0.2	88.0	7.2	0.00	0.00	0.00	0.00	2.51	0.32	2.51	0.32
