Dataset contains 3734 events.
***
pT range		NCohJ 	err 	NIncJ 	err 	NDiss 	err 	NCohP 	err 	NIncP 	err 	sum 	err 	fC 	err 	fD coh	err 	fD inc	err 	fD 	err
(0.000, 2.000) GeV/c	2969.2	58.8	333.5	32.1	197.8	24.5	209.0	4.1	24.6	2.4	3734.1	71.5
(0.200, 2.000) GeV/c	8.2	0.2	265.9	25.6	187.3	23.2	91.9	1.8	19.4	1.9	572.6	34.6	1.80	0.14	20.27	1.59	4.28	0.52	24.55	1.68
(0.200, 1.000) GeV/c	8.2	0.2	263.1	25.3	125.7	15.5	91.9	1.8	19.2	1.9	508.1	29.8	2.10	0.17	23.63	1.86	4.95	0.61	28.58	1.96
(0.200, 0.265) GeV/c	8.1	0.2	41.8	4.0	7.4	0.9	47.3	0.9	3.2	0.3	107.8	4.2	16.35	1.41	95.97	8.26	6.49	0.83	102.46	8.30
(0.265, 0.336) GeV/c	0.1	0.0	47.6	4.6	9.8	1.2	31.2	0.6	3.6	0.3	92.3	4.8	0.17	0.01	54.34	4.61	6.33	0.80	60.67	4.68
(0.336, 0.453) GeV/c	0.0	0.0	67.2	6.5	19.1	2.4	12.5	0.2	4.9	0.5	103.8	6.9	0.00	0.00	14.42	1.18	5.71	0.71	20.13	1.38
(0.453, 0.659) GeV/c	0.0	0.0	72.7	7.0	36.7	4.5	0.9	0.0	5.3	0.5	115.7	8.4	0.00	0.00	0.86	0.07	4.85	0.60	5.71	0.60
(0.659, 1.000) GeV/c	0.0	0.0	33.7	3.2	52.6	6.5	0.0	0.0	2.2	0.2	88.5	7.3	0.00	0.00	0.00	0.00	2.51	0.32	2.51	0.32
