Dataset contains 3734 events.
***
pT range		NCohJ 	err 	NIncJ 	err 	NDiss 	err 	NCohP 	err 	NIncP 	err 	sum 	err 	fC 	err 	fD coh	err 	fD inc	err 	fD 	err
(0.000, 2.000) GeV/c	2952.9	58.8	355.2	32.7	191.8	24.1	207.9	4.1	26.2	2.4	3734.1	71.7
(0.200, 2.000) GeV/c	7.1	0.1	283.2	26.1	181.7	22.8	91.4	1.8	20.7	1.9	584.1	34.7	1.53	0.12	19.65	1.52	4.44	0.53	24.10	1.60
(0.200, 1.000) GeV/c	7.1	0.1	280.2	25.8	122.0	15.3	91.4	1.8	20.5	1.9	521.2	30.1	1.77	0.14	22.72	1.75	5.10	0.60	27.81	1.86
(0.200, 0.265) GeV/c	7.1	0.1	44.6	4.1	7.2	0.9	47.0	0.9	3.4	0.3	109.3	4.3	13.66	1.14	90.83	7.59	6.58	0.81	97.41	7.63
(0.265, 0.336) GeV/c	0.1	0.0	50.7	4.7	9.5	1.2	31.0	0.6	3.9	0.4	95.1	4.9	0.09	0.01	51.52	4.25	6.43	0.78	57.95	4.32
(0.336, 0.453) GeV/c	0.0	0.0	71.6	6.6	18.6	2.3	12.4	0.2	5.3	0.5	107.8	7.0	0.00	0.00	13.73	1.10	5.83	0.70	19.56	1.30
(0.453, 0.659) GeV/c	0.0	0.0	77.4	7.1	35.6	4.5	0.9	0.0	5.7	0.5	119.6	8.4	0.00	0.00	0.83	0.06	5.00	0.59	5.83	0.60
(0.659, 1.000) GeV/c	0.0	0.0	35.9	3.3	51.1	6.4	0.0	0.0	2.3	0.2	89.3	7.2	0.00	0.00	0.00	0.00	2.66	0.33	2.66	0.33
