Dataset contains 3734 events.
***
pT range		NCohJ 	err 	NIncJ 	err 	NDiss 	err 	NCohP 	err 	NIncP 	err 	sum 	err 	fC 	err 	fD coh	err 	fD inc	err 	fD 	err
(0.000, 2.000) GeV/c	2967.4	58.8	335.8	32.1	197.1	24.4	208.9	4.1	24.8	2.4	3734.1	71.5
(0.200, 2.000) GeV/c	7.3	0.1	267.8	25.6	186.7	23.1	91.8	1.8	19.5	1.9	573.1	34.6	1.60	0.13	20.20	1.59	4.30	0.53	24.50	1.67
(0.200, 1.000) GeV/c	7.3	0.1	264.9	25.4	125.3	15.5	91.8	1.8	19.4	1.9	508.7	29.8	1.87	0.15	23.53	1.85	4.97	0.61	28.49	1.95
(0.200, 0.265) GeV/c	7.2	0.1	42.1	4.0	7.4	0.9	47.3	0.9	3.2	0.3	107.2	4.3	14.53	1.25	95.39	8.18	6.50	0.83	101.89	8.22
(0.265, 0.336) GeV/c	0.1	0.0	47.9	4.6	9.8	1.2	31.2	0.6	3.7	0.4	92.6	4.8	0.16	0.01	54.02	4.57	6.34	0.80	60.36	4.64
(0.336, 0.453) GeV/c	0.0	0.0	67.7	6.5	19.1	2.4	12.4	0.2	5.0	0.5	104.2	6.9	0.00	0.00	14.34	1.17	5.72	0.71	20.06	1.37
(0.453, 0.659) GeV/c	0.0	0.0	73.2	7.0	36.6	4.5	0.9	0.0	5.3	0.5	116.1	8.4	0.00	0.00	0.85	0.07	4.87	0.59	5.72	0.60
(0.659, 1.000) GeV/c	0.0	0.0	34.0	3.3	52.5	6.5	0.0	0.0	2.2	0.2	88.6	7.3	0.00	0.00	0.00	0.00	2.53	0.32	2.53	0.32
