Dataset contains 3734 events.
***
pT range		NCohJ 	err 	NIncJ 	err 	NDiss 	err 	NCohP 	err 	NIncP 	err 	sum 	err 	fC 	err 	fD coh	err 	fD inc	err 	fD 	err
(0.000, 2.000) GeV/c	2950.4	58.9	358.6	32.8	191.0	24.0	207.7	4.1	26.4	2.4	3734.1	71.7
(0.200, 2.000) GeV/c	7.6	0.2	285.9	26.2	180.9	22.8	91.3	1.8	20.9	1.9	586.5	34.8	1.62	0.12	19.56	1.50	4.47	0.53	24.03	1.59
(0.200, 1.000) GeV/c	7.6	0.2	282.9	25.9	121.4	15.3	91.3	1.8	20.7	1.9	523.8	30.2	1.87	0.14	22.58	1.74	5.12	0.60	27.70	1.84
(0.200, 0.265) GeV/c	7.5	0.1	45.0	4.1	7.2	0.9	47.0	0.9	3.4	0.3	110.1	4.3	14.40	1.20	90.07	7.49	6.59	0.80	96.66	7.54
(0.265, 0.336) GeV/c	0.1	0.0	51.2	4.7	9.5	1.2	31.0	0.6	3.9	0.4	95.6	4.9	0.09	0.01	51.10	4.20	6.44	0.78	57.55	4.27
(0.336, 0.453) GeV/c	0.0	0.0	72.3	6.6	18.5	2.3	12.4	0.2	5.3	0.5	108.5	7.0	0.00	0.00	13.63	1.09	5.84	0.70	19.47	1.29
(0.453, 0.659) GeV/c	0.0	0.0	78.2	7.2	35.5	4.5	0.9	0.0	5.7	0.5	120.3	8.4	0.00	0.00	0.82	0.06	5.02	0.59	5.84	0.59
(0.659, 1.000) GeV/c	0.0	0.0	36.3	3.3	50.8	6.4	0.0	0.0	2.3	0.2	89.4	7.2	0.00	0.00	0.00	0.00	2.68	0.33	2.68	0.33
