Dataset contains 3734 events.
***
pT range		NCohJ 	err 	NIncJ 	err 	NDiss 	err 	NCohP 	err 	NIncP 	err 	sum 	err 	fC 	err 	fD coh	err 	fD inc	err 	fD 	err
(0.000, 2.000) GeV/c	2947.7	58.9	362.1	32.9	190.0	24.0	207.5	4.1	26.7	2.4	3734.1	71.7
(0.200, 2.000) GeV/c	8.0	0.2	288.7	26.2	180.0	22.7	91.2	1.8	21.1	1.9	589.0	34.8	1.71	0.13	19.46	1.49	4.49	0.53	23.95	1.58
(0.200, 1.000) GeV/c	8.0	0.2	285.7	26.0	120.8	15.2	91.2	1.8	20.9	1.9	526.6	30.2	1.97	0.15	22.44	1.72	5.14	0.60	27.58	1.82
(0.200, 0.265) GeV/c	8.0	0.2	45.4	4.1	7.2	0.9	47.0	0.9	3.5	0.3	111.0	4.3	15.15	1.25	89.29	7.39	6.60	0.80	95.90	7.44
(0.265, 0.336) GeV/c	0.1	0.0	51.7	4.7	9.4	1.2	31.0	0.6	3.9	0.4	96.0	4.9	0.09	0.01	50.67	4.14	6.46	0.78	57.13	4.21
(0.336, 0.453) GeV/c	0.0	0.0	73.0	6.6	18.4	2.3	12.4	0.2	5.4	0.5	109.1	7.0	0.00	0.00	13.52	1.07	5.86	0.70	19.38	1.28
(0.453, 0.659) GeV/c	0.0	0.0	78.9	7.2	35.3	4.4	0.9	0.0	5.8	0.5	120.9	8.5	0.00	0.00	0.82	0.06	5.05	0.59	5.86	0.59
(0.659, 1.000) GeV/c	0.0	0.0	36.6	3.3	50.6	6.4	0.0	0.0	2.4	0.2	89.5	7.2	0.00	0.00	0.00	0.00	2.70	0.33	2.70	0.33
