Dataset contains 3734 events.
***
pT range		NCohJ 	err 	NIncJ 	err 	NDiss 	err 	NCohP 	err 	NIncP 	err 	sum 	err 	fC 	err 	fD coh	err 	fD inc	err 	fD 	err
(0.000, 2.000) GeV/c	2961.9	58.8	343.3	32.4	195.1	24.3	208.5	4.1	25.3	2.4	3734.1	71.6
(0.200, 2.000) GeV/c	6.1	0.1	273.7	25.8	184.7	23.0	91.6	1.8	20.0	1.9	576.2	34.7	1.34	0.10	19.99	1.56	4.35	0.53	24.35	1.64
(0.200, 1.000) GeV/c	6.1	0.1	270.8	25.5	124.0	15.4	91.6	1.8	19.8	1.9	512.4	30.0	1.56	0.12	23.21	1.81	5.02	0.61	28.23	1.91
(0.200, 0.265) GeV/c	6.1	0.1	43.1	4.1	7.3	0.9	47.2	0.9	3.3	0.3	107.0	4.3	12.04	1.02	93.59	7.95	6.53	0.82	100.12	7.99
(0.265, 0.336) GeV/c	0.1	0.0	49.0	4.6	9.7	1.2	31.1	0.6	3.7	0.4	93.6	4.8	0.13	0.01	53.03	4.44	6.38	0.79	59.41	4.51
(0.336, 0.453) GeV/c	0.0	0.0	69.2	6.5	18.9	2.3	12.4	0.2	5.1	0.5	105.6	7.0	0.00	0.00	14.10	1.14	5.77	0.71	19.86	1.35
(0.453, 0.659) GeV/c	0.0	0.0	74.8	7.1	36.2	4.5	0.9	0.0	5.5	0.5	117.4	8.4	0.00	0.00	0.84	0.07	4.92	0.59	5.76	0.60
(0.659, 1.000) GeV/c	0.0	0.0	34.7	3.3	51.9	6.5	0.0	0.0	2.2	0.2	88.9	7.2	0.00	0.00	0.00	0.00	2.58	0.33	2.58	0.33
