Dataset contains 3734 events.
***
pT range		NCohJ 	err 	NIncJ 	err 	NDiss 	err 	NCohP 	err 	NIncP 	err 	sum 	err 	fC 	err 	fD coh	err 	fD inc	err 	fD 	err
(0.000, 2.000) GeV/c	2944.8	58.9	365.9	33.0	189.1	23.9	207.3	4.1	27.0	2.4	3734.1	71.8
(0.200, 2.000) GeV/c	8.5	0.2	291.7	26.3	179.0	22.6	91.1	1.8	21.3	1.9	591.6	34.8	1.80	0.14	19.35	1.48	4.52	0.53	23.87	1.57
(0.200, 1.000) GeV/c	8.5	0.2	288.6	26.0	120.2	15.2	91.1	1.8	21.1	1.9	529.5	30.3	2.07	0.16	22.29	1.70	5.16	0.60	27.45	1.81
(0.200, 0.265) GeV/c	8.4	0.2	45.9	4.1	7.1	0.9	46.9	0.9	3.5	0.3	111.8	4.4	15.85	1.31	88.47	7.29	6.62	0.80	95.09	7.33
(0.265, 0.336) GeV/c	0.1	0.0	52.2	4.7	9.4	1.2	30.9	0.6	4.0	0.4	96.6	4.9	0.08	0.01	50.22	4.09	6.47	0.78	56.69	4.16
(0.336, 0.453) GeV/c	0.0	0.0	73.8	6.7	18.3	2.3	12.3	0.2	5.4	0.5	109.8	7.1	0.00	0.00	13.41	1.06	5.88	0.70	19.29	1.27
(0.453, 0.659) GeV/c	0.0	0.0	79.8	7.2	35.1	4.4	0.9	0.0	5.8	0.5	121.6	8.5	0.00	0.00	0.81	0.06	5.07	0.59	5.88	0.59
(0.659, 1.000) GeV/c	0.0	0.0	37.0	3.3	50.3	6.4	0.0	0.0	2.4	0.2	89.7	7.2	0.00	0.00	0.00	0.00	2.73	0.33	2.73	0.33
