Dataset contains 3734 events.
***
pT range		NCohJ 	err 	NIncJ 	err 	NDiss 	err 	NCohP 	err 	NIncP 	err 	sum 	err 	fC 	err 	fD coh	err 	fD inc	err 	fD 	err
(0.000, 2.000) GeV/c	2959.9	58.8	346.0	32.4	194.3	24.2	208.4	4.1	25.5	2.4	3734.1	71.6
(0.200, 2.000) GeV/c	6.2	0.1	275.9	25.9	184.0	23.0	91.6	1.8	20.1	1.9	577.8	34.7	1.35	0.10	19.91	1.55	4.38	0.53	24.29	1.64
(0.200, 1.000) GeV/c	6.2	0.1	273.0	25.6	123.5	15.4	91.6	1.8	20.0	1.9	514.3	30.0	1.56	0.12	23.10	1.80	5.04	0.61	28.13	1.90
(0.200, 0.265) GeV/c	6.1	0.1	43.4	4.1	7.3	0.9	47.1	0.9	3.3	0.3	107.3	4.3	12.10	1.02	92.95	7.86	6.54	0.82	99.49	7.91
(0.265, 0.336) GeV/c	0.1	0.0	49.4	4.6	9.6	1.2	31.1	0.6	3.8	0.4	93.9	4.8	0.12	0.01	52.68	4.40	6.39	0.79	59.07	4.47
(0.336, 0.453) GeV/c	0.0	0.0	69.8	6.5	18.8	2.3	12.4	0.2	5.1	0.5	106.1	7.0	0.00	0.00	14.01	1.13	5.78	0.71	19.79	1.34
(0.453, 0.659) GeV/c	0.0	0.0	75.4	7.1	36.1	4.5	0.9	0.0	5.5	0.5	117.9	8.4	0.00	0.00	0.84	0.07	4.94	0.59	5.78	0.60
(0.659, 1.000) GeV/c	0.0	0.0	35.0	3.3	51.7	6.5	0.0	0.0	2.3	0.2	89.0	7.2	0.00	0.00	0.00	0.00	2.60	0.33	2.60	0.33
