Dataset contains 3734 events.
***
pT range		NCohJ 	err 	NIncJ 	err 	NDiss 	err 	NCohP 	err 	NIncP 	err 	sum 	err 	fC 	err 	fD coh	err 	fD inc	err 	fD 	err
(0.000, 2.000) GeV/c	2957.7	58.8	348.9	32.5	193.5	24.2	208.2	4.1	25.7	2.4	3734.1	71.6
(0.200, 2.000) GeV/c	6.4	0.1	278.2	25.9	183.3	22.9	91.5	1.8	20.3	1.9	579.7	34.7	1.38	0.11	19.83	1.54	4.40	0.53	24.23	1.63
(0.200, 1.000) GeV/c	6.4	0.1	275.3	25.7	123.0	15.4	91.5	1.8	20.1	1.9	516.3	30.0	1.60	0.12	22.98	1.79	5.06	0.61	28.03	1.89
(0.200, 0.265) GeV/c	6.3	0.1	43.8	4.1	7.3	0.9	47.1	0.9	3.3	0.3	107.8	4.3	12.38	1.04	92.26	7.78	6.55	0.81	98.82	7.82
(0.265, 0.336) GeV/c	0.1	0.0	49.8	4.6	9.6	1.2	31.1	0.6	3.8	0.4	94.3	4.8	0.11	0.01	52.31	4.35	6.40	0.79	58.71	4.42
(0.336, 0.453) GeV/c	0.0	0.0	70.4	6.6	18.7	2.3	12.4	0.2	5.2	0.5	106.6	7.0	0.00	0.00	13.92	1.12	5.79	0.71	19.72	1.33
(0.453, 0.659) GeV/c	0.0	0.0	76.1	7.1	35.9	4.5	0.9	0.0	5.6	0.5	118.5	8.4	0.00	0.00	0.84	0.06	4.96	0.59	5.79	0.60
(0.659, 1.000) GeV/c	0.0	0.0	35.3	3.3	51.5	6.4	0.0	0.0	2.3	0.2	89.1	7.2	0.00	0.00	0.00	0.00	2.62	0.33	2.62	0.33
