Dataset contains 3734 events.
***
pT range		NCohJ 	err 	NIncJ 	err 	NDiss 	err 	NCohP 	err 	NIncP 	err 	sum 	err 	fC 	err 	fD coh	err 	fD inc	err 	fD 	err
(0.000, 2.000) GeV/c	2963.8	58.8	340.7	32.3	195.8	24.3	208.7	4.1	25.1	2.4	3734.1	71.5
(0.200, 2.000) GeV/c	6.3	0.1	271.7	25.7	185.4	23.0	91.7	1.8	19.8	1.9	574.9	34.6	1.38	0.11	20.06	1.57	4.34	0.53	24.40	1.65
(0.200, 1.000) GeV/c	6.3	0.1	268.8	25.5	124.5	15.5	91.7	1.8	19.7	1.9	510.9	29.9	1.60	0.13	23.32	1.83	5.00	0.61	28.32	1.92
(0.200, 0.265) GeV/c	6.2	0.1	42.8	4.1	7.4	0.9	47.2	0.9	3.3	0.3	106.8	4.3	12.43	1.06	94.20	8.03	6.52	0.82	100.72	8.07
(0.265, 0.336) GeV/c	0.1	0.0	48.6	4.6	9.7	1.2	31.1	0.6	3.7	0.4	93.2	4.8	0.14	0.01	53.37	4.48	6.36	0.80	59.73	4.55
(0.336, 0.453) GeV/c	0.0	0.0	68.7	6.5	18.9	2.4	12.4	0.2	5.0	0.5	105.1	6.9	0.00	0.00	14.18	1.15	5.75	0.71	19.93	1.36
(0.453, 0.659) GeV/c	0.0	0.0	74.3	7.0	36.3	4.5	0.9	0.0	5.4	0.5	117.0	8.4	0.00	0.00	0.85	0.07	4.90	0.59	5.75	0.60
(0.659, 1.000) GeV/c	0.0	0.0	34.5	3.3	52.1	6.5	0.0	0.0	2.2	0.2	88.8	7.3	0.00	0.00	0.00	0.00	2.56	0.32	2.56	0.32
