Dataset contains 3734 events.
***
pT range		NCohJ 	err 	NIncJ 	err 	NDiss 	err 	NCohP 	err 	NIncP 	err 	sum 	err 	fC 	err 	fD coh	err 	fD inc	err 	fD 	err
(0.000, 2.000) GeV/c	2955.4	58.8	352.0	32.6	192.7	24.1	208.1	4.1	25.9	2.4	3734.1	71.6
(0.200, 2.000) GeV/c	6.7	0.1	280.6	26.0	182.5	22.9	91.4	1.8	20.5	1.9	581.8	34.7	1.45	0.11	19.74	1.53	4.42	0.53	24.16	1.62
(0.200, 1.000) GeV/c	6.7	0.1	277.7	25.7	122.5	15.3	91.4	1.8	20.3	1.9	518.7	30.1	1.68	0.13	22.85	1.77	5.08	0.60	27.92	1.87
(0.200, 0.265) GeV/c	6.7	0.1	44.2	4.1	7.3	0.9	47.1	0.9	3.4	0.3	108.5	4.3	12.95	1.09	91.56	7.68	6.57	0.81	98.13	7.73
(0.265, 0.336) GeV/c	0.1	0.0	50.2	4.7	9.6	1.2	31.0	0.6	3.8	0.4	94.7	4.9	0.10	0.01	51.92	4.30	6.42	0.79	58.33	4.37
(0.336, 0.453) GeV/c	0.0	0.0	71.0	6.6	18.6	2.3	12.4	0.2	5.2	0.5	107.2	7.0	0.00	0.00	13.83	1.11	5.81	0.70	19.64	1.32
(0.453, 0.659) GeV/c	0.0	0.0	76.7	7.1	35.8	4.5	0.9	0.0	5.6	0.5	119.0	8.4	0.00	0.00	0.83	0.06	4.98	0.59	5.81	0.60
(0.659, 1.000) GeV/c	0.0	0.0	35.6	3.3	51.3	6.4	0.0	0.0	2.3	0.2	89.2	7.2	0.00	0.00	0.00	0.00	2.64	0.33	2.64	0.33
