Dataset contains 3734 events.
***
pT range		NCohJ 	err 	NIncJ 	err 	NDiss 	err 	NCohP 	err 	NIncP 	err 	sum 	err 	fC 	err 	fD coh	err 	fD inc	err 	fD 	err
(0.000, 2.000) GeV/c	2965.6	58.8	338.3	32.2	196.4	24.4	208.8	4.1	24.9	2.4	3734.1	71.5
(0.200, 2.000) GeV/c	6.7	0.1	269.7	25.7	186.0	23.1	91.8	1.8	19.7	1.9	573.8	34.6	1.46	0.11	20.13	1.58	4.32	0.53	24.45	1.66
(0.200, 1.000) GeV/c	6.7	0.1	266.8	25.4	124.9	15.5	91.8	1.8	19.5	1.9	509.7	29.9	1.70	0.13	23.42	1.84	4.98	0.61	28.41	1.94
(0.200, 0.265) GeV/c	6.6	0.1	42.4	4.0	7.4	0.9	47.2	0.9	3.2	0.3	106.9	4.3	13.18	1.13	94.80	8.10	6.51	0.82	101.31	8.15
(0.265, 0.336) GeV/c	0.1	0.0	48.3	4.6	9.7	1.2	31.1	0.6	3.7	0.4	92.9	4.8	0.15	0.01	53.69	4.53	6.35	0.80	60.05	4.60
(0.336, 0.453) GeV/c	0.0	0.0	68.2	6.5	19.0	2.4	12.4	0.2	5.0	0.5	104.6	6.9	0.00	0.00	14.26	1.16	5.74	0.71	20.00	1.36
(0.453, 0.659) GeV/c	0.0	0.0	73.7	7.0	36.5	4.5	0.9	0.0	5.4	0.5	116.5	8.4	0.00	0.00	0.85	0.07	4.88	0.59	5.74	0.60
(0.659, 1.000) GeV/c	0.0	0.0	34.2	3.3	52.3	6.5	0.0	0.0	2.2	0.2	88.7	7.3	0.00	0.00	0.00	0.00	2.55	0.32	2.55	0.32
