Dataset contains 3737 events.
***
pT range		NCohJ 	err 	NIncJ 	err 	NDiss 	err 	NCohP 	err 	NIncP 	err 	sum 	err 	fC 	err 	fD coh	err 	fD inc	err 	fD 	err
(0.000, 2.000) GeV/c	2972.2	58.8	333.2	32.0	198.1	24.3	209.2	4.1	24.6	2.4	3737.3	71.4
(0.200, 2.000) GeV/c	9.0	0.2	265.7	25.5	187.6	23.0	92.0	1.8	19.4	1.9	573.6	34.5	1.99	0.16	20.29	1.59	4.28	0.52	24.56	1.67
(0.200, 1.000) GeV/c	9.0	0.2	262.9	25.3	125.9	15.4	92.0	1.8	19.2	1.8	509.0	29.7	2.32	0.18	23.65	1.86	4.95	0.61	28.60	1.96
(0.200, 0.282) GeV/c	9.0	0.2	53.2	5.1	9.6	1.2	57.0	1.1	4.1	0.4	132.9	5.4	14.27	1.22	90.72	7.78	6.50	0.83	97.22	7.83
(0.282, 0.382) GeV/c	0.0	0.0	65.2	6.3	14.8	1.8	30.5	0.6	4.9	0.5	115.4	6.6	0.05	0.00	38.07	3.19	6.09	0.77	44.16	3.28
(0.382, 0.571) GeV/c	0.0	0.0	86.9	8.3	33.0	4.0	4.5	0.1	6.4	0.6	130.7	9.3	0.00	0.00	3.73	0.30	5.30	0.65	9.03	0.72
(0.571, 1.000) GeV/c	0.0	0.0	57.5	5.5	68.5	8.4	0.0	0.0	3.9	0.4	129.9	10.1	0.00	0.00	0.00	0.00	3.11	0.39	3.11	0.39
