Dataset contains 3737 events.
***
pT range		NCohJ 	err 	NIncJ 	err 	NDiss 	err 	NCohP 	err 	NIncP 	err 	sum 	err 	fC 	err 	fD coh	err 	fD inc	err 	fD 	err
(0.000, 2.000) GeV/c	2957.2	58.9	353.4	32.8	192.5	23.9	208.2	4.1	26.0	2.4	3737.3	71.7
(0.200, 2.000) GeV/c	9.1	0.2	281.8	26.1	182.3	22.7	91.5	1.8	20.6	1.9	585.2	34.7	1.95	0.15	19.72	1.52	4.43	0.53	24.15	1.61
(0.200, 1.000) GeV/c	9.1	0.2	278.8	25.9	122.4	15.2	91.5	1.8	20.4	1.9	522.1	30.1	2.26	0.17	22.81	1.77	5.08	0.61	27.89	1.87
(0.200, 0.282) GeV/c	9.0	0.2	56.4	5.2	9.4	1.2	56.7	1.1	4.3	0.4	135.9	5.5	13.71	1.15	86.22	7.24	6.58	0.81	92.80	7.28
(0.282, 0.382) GeV/c	0.0	0.0	69.2	6.4	14.4	1.8	30.3	0.6	5.2	0.5	119.1	6.7	0.05	0.00	36.28	2.98	6.18	0.76	42.46	3.08
(0.382, 0.571) GeV/c	0.0	0.0	92.2	8.6	32.1	4.0	4.5	0.1	6.7	0.6	135.4	9.5	0.00	0.00	3.58	0.28	5.43	0.65	9.01	0.71
(0.571, 1.000) GeV/c	0.0	0.0	61.0	5.7	66.6	8.3	0.0	0.0	4.2	0.4	131.7	10.0	0.00	0.00	0.00	0.00	3.26	0.40	3.26	0.40
