Dataset contains 3737 events.
***
pT range		NCohJ 	err 	NIncJ 	err 	NDiss 	err 	NCohP 	err 	NIncP 	err 	sum 	err 	fC 	err 	fD coh	err 	fD inc	err 	fD 	err
(0.000, 2.000) GeV/c	2964.2	58.9	344.0	32.4	195.0	24.1	208.7	4.1	25.4	2.4	3737.3	71.6
(0.200, 2.000) GeV/c	9.1	0.2	274.3	25.9	184.7	22.8	91.7	1.8	20.0	1.9	579.8	34.6	1.97	0.15	19.98	1.55	4.36	0.53	24.34	1.64
(0.200, 1.000) GeV/c	9.1	0.2	271.4	25.6	124.0	15.3	91.7	1.8	19.9	1.9	516.0	29.9	2.29	0.18	23.20	1.81	5.02	0.61	28.22	1.91
(0.200, 0.282) GeV/c	9.0	0.2	54.9	5.2	9.5	1.2	56.9	1.1	4.2	0.4	134.5	5.4	13.99	1.19	88.26	7.49	6.54	0.82	94.80	7.53
(0.282, 0.382) GeV/c	0.0	0.0	67.3	6.3	14.6	1.8	30.4	0.6	5.0	0.5	117.4	6.6	0.05	0.00	37.09	3.08	6.14	0.76	43.23	3.17
(0.382, 0.571) GeV/c	0.0	0.0	89.7	8.5	32.5	4.0	4.5	0.1	6.6	0.6	133.2	9.4	0.00	0.00	3.65	0.29	5.37	0.65	9.02	0.71
(0.571, 1.000) GeV/c	0.0	0.0	59.4	5.6	67.4	8.3	0.0	0.0	4.0	0.4	130.9	10.0	0.00	0.00	0.00	0.00	3.19	0.39	3.19	0.39
