Dataset contains 3737 events.
***
pT range		NCohJ 	err 	NIncJ 	err 	NDiss 	err 	NCohP 	err 	NIncP 	err 	sum 	err 	fC 	err 	fD coh	err 	fD inc	err 	fD 	err
(0.000, 2.000) GeV/c	2969.2	58.9	337.3	32.2	196.9	24.2	209.0	4.1	24.9	2.4	3737.3	71.5
(0.200, 2.000) GeV/c	9.0	0.2	269.0	25.7	186.5	22.9	91.9	1.8	19.6	1.9	576.0	34.5	1.98	0.15	20.17	1.58	4.31	0.52	24.48	1.66
(0.200, 1.000) GeV/c	9.0	0.2	266.1	25.4	125.2	15.4	91.9	1.8	19.5	1.9	511.7	29.8	2.31	0.18	23.48	1.84	4.97	0.61	28.45	1.94
(0.200, 0.282) GeV/c	9.0	0.2	53.9	5.1	9.6	1.2	57.0	1.1	4.1	0.4	133.5	5.4	14.18	1.21	89.77	7.67	6.51	0.82	96.29	7.71
(0.282, 0.382) GeV/c	0.0	0.0	66.0	6.3	14.7	1.8	30.4	0.6	4.9	0.5	116.2	6.6	0.05	0.00	37.70	3.15	6.11	0.76	43.80	3.24
(0.382, 0.571) GeV/c	0.0	0.0	88.0	8.4	32.8	4.0	4.5	0.1	6.4	0.6	131.7	9.3	0.00	0.00	3.70	0.29	5.33	0.65	9.03	0.72
(0.571, 1.000) GeV/c	0.0	0.0	58.2	5.6	68.1	8.4	0.0	0.0	4.0	0.4	130.3	10.1	0.00	0.00	0.00	0.00	3.14	0.39	3.14	0.39
