Dataset contains 3737 events.
***
pT range		NCohJ 	err 	NIncJ 	err 	NDiss 	err 	NCohP 	err 	NIncP 	err 	sum 	err 	fC 	err 	fD coh	err 	fD inc	err 	fD 	err
(0.000, 2.000) GeV/c	2973.1	58.8	332.0	32.0	198.4	24.3	209.3	4.1	24.5	2.4	3737.3	71.4
(0.200, 2.000) GeV/c	9.0	0.2	264.7	25.5	187.9	23.0	92.0	1.8	19.3	1.9	572.9	34.4	1.99	0.16	20.33	1.59	4.27	0.52	24.59	1.68
(0.200, 1.000) GeV/c	9.0	0.2	261.9	25.2	126.2	15.5	92.0	1.8	19.2	1.8	508.2	29.7	2.32	0.18	23.71	1.87	4.94	0.61	28.64	1.96
(0.200, 0.282) GeV/c	9.0	0.2	53.0	5.1	9.6	1.2	57.0	1.1	4.1	0.4	132.7	5.4	14.29	1.23	91.01	7.82	6.49	0.83	97.50	7.86
(0.282, 0.382) GeV/c	0.0	0.0	65.0	6.3	14.9	1.8	30.5	0.6	4.9	0.5	115.2	6.6	0.05	0.00	38.19	3.21	6.08	0.77	44.27	3.30
(0.382, 0.571) GeV/c	0.0	0.0	86.6	8.3	33.0	4.0	4.5	0.1	6.3	0.6	130.4	9.3	0.00	0.00	3.74	0.30	5.29	0.65	9.04	0.72
(0.571, 1.000) GeV/c	0.0	0.0	57.3	5.5	68.6	8.4	0.0	0.0	3.9	0.4	129.8	10.1	0.00	0.00	0.00	0.00	3.10	0.39	3.10	0.39
