Dataset contains 3737 events.
***
pT range		NCohJ 	err 	NIncJ 	err 	NDiss 	err 	NCohP 	err 	NIncP 	err 	sum 	err 	fC 	err 	fD coh	err 	fD inc	err 	fD 	err
(0.000, 2.000) GeV/c	2968.1	58.9	338.8	32.2	196.5	24.2	209.0	4.1	25.0	2.4	3737.3	71.5
(0.200, 2.000) GeV/c	9.0	0.2	270.1	25.7	186.1	22.9	91.8	1.8	19.7	1.9	576.8	34.5	1.98	0.15	20.13	1.57	4.32	0.52	24.45	1.66
(0.200, 1.000) GeV/c	9.0	0.2	267.3	25.4	124.9	15.4	91.8	1.8	19.5	1.9	512.6	29.8	2.31	0.18	23.42	1.83	4.98	0.61	28.40	1.93
(0.200, 0.282) GeV/c	9.0	0.2	54.1	5.1	9.6	1.2	56.9	1.1	4.2	0.4	133.7	5.4	14.14	1.21	89.44	7.63	6.52	0.82	95.96	7.67
(0.282, 0.382) GeV/c	0.0	0.0	66.3	6.3	14.7	1.8	30.4	0.6	5.0	0.5	116.4	6.6	0.05	0.00	37.56	3.13	6.11	0.76	43.68	3.23
(0.382, 0.571) GeV/c	0.0	0.0	88.3	8.4	32.7	4.0	4.5	0.1	6.5	0.6	132.0	9.3	0.00	0.00	3.69	0.29	5.34	0.65	9.03	0.72
(0.571, 1.000) GeV/c	0.0	0.0	58.5	5.6	67.9	8.4	0.0	0.0	4.0	0.4	130.4	10.1	0.00	0.00	0.00	0.00	3.15	0.39	3.15	0.39
