Dataset contains 3737 events.
***
pT range		NCohJ 	err 	NIncJ 	err 	NDiss 	err 	NCohP 	err 	NIncP 	err 	sum 	err 	fC 	err 	fD coh	err 	fD inc	err 	fD 	err
(0.000, 2.000) GeV/c	2961.0	58.9	348.3	32.6	193.9	24.0	208.5	4.1	25.7	2.4	3737.3	71.7
(0.200, 2.000) GeV/c	9.1	0.2	277.7	26.0	183.6	22.8	91.6	1.8	20.3	1.9	582.2	34.7	1.96	0.15	19.86	1.54	4.39	0.53	24.25	1.63
(0.200, 1.000) GeV/c	9.1	0.2	274.8	25.7	123.3	15.3	91.6	1.8	20.1	1.9	518.8	30.0	2.28	0.18	23.02	1.79	5.05	0.61	28.07	1.89
(0.200, 0.282) GeV/c	9.0	0.2	55.6	5.2	9.4	1.2	56.8	1.1	4.3	0.4	135.1	5.5	13.86	1.17	87.32	7.37	6.56	0.82	93.88	7.42
(0.282, 0.382) GeV/c	0.0	0.0	68.2	6.4	14.5	1.8	30.4	0.6	5.1	0.5	118.2	6.7	0.05	0.00	36.72	3.03	6.16	0.76	42.88	3.13
(0.382, 0.571) GeV/c	0.0	0.0	90.8	8.5	32.3	4.0	4.5	0.1	6.6	0.6	134.2	9.4	0.00	0.00	3.62	0.29	5.40	0.65	9.02	0.71
(0.571, 1.000) GeV/c	0.0	0.0	60.1	5.6	67.0	8.3	0.0	0.0	4.1	0.4	131.3	10.0	0.00	0.00	0.00	0.00	3.22	0.39	3.22	0.39
