Dataset contains 3737 events.
***
pT range		NCohJ 	err 	NIncJ 	err 	NDiss 	err 	NCohP 	err 	NIncP 	err 	sum 	err 	fC 	err 	fD coh	err 	fD inc	err 	fD 	err
(0.000, 2.000) GeV/c	2959.2	58.9	350.7	32.7	193.2	24.0	208.3	4.1	25.8	2.4	3737.3	71.7
(0.200, 2.000) GeV/c	9.1	0.2	279.6	26.1	183.0	22.7	91.6	1.8	20.4	1.9	583.6	34.7	1.96	0.15	19.79	1.53	4.41	0.53	24.20	1.62
(0.200, 1.000) GeV/c	9.1	0.2	276.7	25.8	122.8	15.3	91.6	1.8	20.2	1.9	520.4	30.1	2.27	0.18	22.92	1.78	5.07	0.61	27.98	1.88
(0.200, 0.282) GeV/c	9.0	0.2	56.0	5.2	9.4	1.2	56.8	1.1	4.3	0.4	135.5	5.5	13.79	1.16	86.79	7.31	6.57	0.81	93.36	7.35
(0.282, 0.382) GeV/c	0.0	0.0	68.6	6.4	14.5	1.8	30.3	0.6	5.1	0.5	118.6	6.7	0.05	0.00	36.51	3.01	6.17	0.76	42.68	3.10
(0.382, 0.571) GeV/c	0.0	0.0	91.5	8.5	32.2	4.0	4.5	0.1	6.7	0.6	134.8	9.4	0.00	0.00	3.60	0.28	5.41	0.65	9.01	0.71
(0.571, 1.000) GeV/c	0.0	0.0	60.6	5.6	66.8	8.3	0.0	0.0	4.1	0.4	131.5	10.0	0.00	0.00	0.00	0.00	3.24	0.40	3.24	0.40
