Dataset contains 3737 events.
***
pT range		NCohJ 	err 	NIncJ 	err 	NDiss 	err 	NCohP 	err 	NIncP 	err 	sum 	err 	fC 	err 	fD coh	err 	fD inc	err 	fD 	err
(0.000, 2.000) GeV/c	2965.6	58.9	342.2	32.4	195.6	24.1	208.8	4.1	25.2	2.4	3737.3	71.6
(0.200, 2.000) GeV/c	9.1	0.2	272.8	25.8	185.2	22.9	91.8	1.8	19.9	1.9	578.7	34.6	1.98	0.15	20.03	1.56	4.34	0.53	24.38	1.65
(0.200, 1.000) GeV/c	9.1	0.2	269.9	25.5	124.3	15.3	91.8	1.8	19.7	1.9	514.8	29.9	2.30	0.18	23.27	1.82	5.01	0.61	28.28	1.92
(0.200, 0.282) GeV/c	9.0	0.2	54.6	5.2	9.5	1.2	56.9	1.1	4.2	0.4	134.2	5.4	14.05	1.19	88.68	7.54	6.54	0.82	95.21	7.58
(0.282, 0.382) GeV/c	0.0	0.0	67.0	6.3	14.6	1.8	30.4	0.6	5.0	0.5	117.0	6.6	0.05	0.00	37.26	3.10	6.13	0.76	43.39	3.19
(0.382, 0.571) GeV/c	0.0	0.0	89.2	8.4	32.6	4.0	4.5	0.1	6.5	0.6	132.8	9.4	0.00	0.00	3.67	0.29	5.36	0.65	9.02	0.71
(0.571, 1.000) GeV/c	0.0	0.0	59.1	5.6	67.6	8.3	0.0	0.0	4.0	0.4	130.7	10.1	0.00	0.00	0.00	0.00	3.18	0.39	3.18	0.39
