Dataset contains 3737 events.
***
pT range		NCohJ 	err 	NIncJ 	err 	NDiss 	err 	NCohP 	err 	NIncP 	err 	sum 	err 	fC 	err 	fD coh	err 	fD inc	err 	fD 	err
(0.000, 2.000) GeV/c	2966.9	58.9	340.4	32.3	196.0	24.2	208.9	4.1	25.1	2.4	3737.3	71.5
(0.200, 2.000) GeV/c	9.0	0.2	271.4	25.8	185.7	22.9	91.8	1.8	19.8	1.9	577.7	34.6	1.98	0.15	20.08	1.57	4.33	0.52	24.42	1.65
(0.200, 1.000) GeV/c	9.0	0.2	268.5	25.5	124.6	15.4	91.8	1.8	19.6	1.9	513.7	29.9	2.30	0.18	23.35	1.83	5.00	0.61	28.34	1.92
(0.200, 0.282) GeV/c	9.0	0.2	54.4	5.2	9.5	1.2	56.9	1.1	4.2	0.4	134.0	5.4	14.10	1.20	89.08	7.59	6.53	0.82	95.61	7.63
(0.282, 0.382) GeV/c	0.0	0.0	66.6	6.3	14.7	1.8	30.4	0.6	5.0	0.5	116.7	6.6	0.05	0.00	37.42	3.12	6.12	0.76	43.54	3.21
(0.382, 0.571) GeV/c	0.0	0.0	88.8	8.4	32.7	4.0	4.5	0.1	6.5	0.6	132.4	9.4	0.00	0.00	3.68	0.29	5.35	0.65	9.03	0.72
(0.571, 1.000) GeV/c	0.0	0.0	58.8	5.6	67.8	8.4	0.0	0.0	4.0	0.4	130.6	10.1	0.00	0.00	0.00	0.00	3.16	0.39	3.17	0.39
