Dataset contains 3737 events.
***
pT range		NCohJ 	err 	NIncJ 	err 	NDiss 	err 	NCohP 	err 	NIncP 	err 	sum 	err 	fC 	err 	fD coh	err 	fD inc	err 	fD 	err
(0.000, 2.000) GeV/c	2962.6	58.9	346.1	32.5	194.5	24.1	208.6	4.1	25.5	2.4	3737.3	71.6
(0.200, 2.000) GeV/c	9.1	0.2	276.0	25.9	184.2	22.8	91.7	1.8	20.1	1.9	581.0	34.6	1.97	0.15	19.92	1.55	4.37	0.53	24.30	1.63
(0.200, 1.000) GeV/c	9.1	0.2	273.0	25.7	123.6	15.3	91.7	1.8	20.0	1.9	517.4	30.0	2.28	0.18	23.11	1.80	5.03	0.61	28.14	1.90
(0.200, 0.282) GeV/c	9.0	0.2	55.3	5.2	9.5	1.2	56.8	1.1	4.2	0.4	134.8	5.5	13.93	1.18	87.80	7.43	6.55	0.82	94.35	7.47
(0.282, 0.382) GeV/c	0.0	0.0	67.7	6.4	14.6	1.8	30.4	0.6	5.1	0.5	117.8	6.7	0.05	0.00	36.91	3.06	6.15	0.76	43.06	3.15
(0.382, 0.571) GeV/c	0.0	0.0	90.3	8.5	32.4	4.0	4.5	0.1	6.6	0.6	133.7	9.4	0.00	0.00	3.64	0.29	5.38	0.65	9.02	0.71
(0.571, 1.000) GeV/c	0.0	0.0	59.8	5.6	67.2	8.3	0.0	0.0	4.1	0.4	131.1	10.0	0.00	0.00	0.00	0.00	3.20	0.39	3.21	0.39
