Dataset contains 3737 events.
***
pT range		NCohJ 	err 	NIncJ 	err 	NDiss 	err 	NCohP 	err 	NIncP 	err 	sum 	err 	fC 	err 	fD coh	err 	fD inc	err 	fD 	err
(0.000, 2.000) GeV/c	2970.2	58.8	335.9	32.1	197.3	24.2	209.1	4.1	24.8	2.4	3737.3	71.5
(0.200, 2.000) GeV/c	9.0	0.2	267.8	25.6	186.9	23.0	91.9	1.8	19.5	1.9	575.2	34.5	1.99	0.16	20.21	1.58	4.30	0.52	24.51	1.66
(0.200, 1.000) GeV/c	9.0	0.2	265.0	25.3	125.4	15.4	91.9	1.8	19.4	1.9	510.8	29.8	2.31	0.18	23.54	1.85	4.96	0.61	28.50	1.94
(0.200, 0.282) GeV/c	9.0	0.2	53.6	5.1	9.6	1.2	57.0	1.1	4.1	0.4	133.3	5.4	14.21	1.22	90.09	7.71	6.51	0.83	96.60	7.75
(0.282, 0.382) GeV/c	0.0	0.0	65.7	6.3	14.8	1.8	30.5	0.6	4.9	0.5	115.9	6.6	0.05	0.00	37.82	3.16	6.10	0.77	43.92	3.26
(0.382, 0.571) GeV/c	0.0	0.0	87.6	8.4	32.9	4.0	4.5	0.1	6.4	0.6	131.3	9.3	0.00	0.00	3.71	0.30	5.32	0.65	9.03	0.72
(0.571, 1.000) GeV/c	0.0	0.0	58.0	5.5	68.2	8.4	0.0	0.0	3.9	0.4	130.2	10.1	0.00	0.00	0.00	0.00	3.13	0.39	3.13	0.39
