Dataset contains 3737 events.
***
pT range		NCohJ 	err 	NIncJ 	err 	NDiss 	err 	NCohP 	err 	NIncP 	err 	sum 	err 	fC 	err 	fD coh	err 	fD inc	err 	fD 	err
(0.000, 2.000) GeV/c	2971.2	58.8	334.6	32.1	197.7	24.3	209.2	4.1	24.7	2.4	3737.3	71.4
(0.200, 2.000) GeV/c	9.0	0.2	266.8	25.6	187.2	23.0	91.9	1.8	19.5	1.9	574.4	34.5	1.99	0.16	20.25	1.58	4.29	0.52	24.54	1.67
(0.200, 1.000) GeV/c	9.0	0.2	263.9	25.3	125.7	15.4	91.9	1.8	19.3	1.9	509.9	29.7	2.31	0.18	23.60	1.85	4.95	0.61	28.55	1.95
(0.200, 0.282) GeV/c	9.0	0.2	53.4	5.1	9.6	1.2	57.0	1.1	4.1	0.4	133.1	5.4	14.24	1.22	90.41	7.75	6.50	0.83	96.91	7.79
(0.282, 0.382) GeV/c	0.0	0.0	65.5	6.3	14.8	1.8	30.5	0.6	4.9	0.5	115.7	6.6	0.05	0.00	37.95	3.18	6.09	0.77	44.04	3.27
(0.382, 0.571) GeV/c	0.0	0.0	87.2	8.4	32.9	4.0	4.5	0.1	6.4	0.6	131.0	9.3	0.00	0.00	3.72	0.30	5.31	0.65	9.03	0.72
(0.571, 1.000) GeV/c	0.0	0.0	57.8	5.5	68.3	8.4	0.0	0.0	3.9	0.4	130.1	10.1	0.00	0.00	0.00	0.00	3.12	0.39	3.12	0.39
