Dataset contains 3661 events.
***
pT range		NCohJ 	err 	NIncJ 	err 	NDiss 	err 	NCohP 	err 	NIncP 	err 	sum 	err 	fC 	err 	fD coh	err 	fD inc	err 	fD 	err
(0.000, 2.000) GeV/c	2881.1	58.3	362.6	33.0	187.7	23.6	202.8	4.1	26.7	2.4	3660.9	71.2
(0.200, 2.000) GeV/c	12.7	0.3	289.2	26.3	177.7	22.3	89.1	1.8	21.1	1.9	589.9	34.6	2.73	0.21	19.09	1.46	4.52	0.53	23.61	1.56
(0.200, 1.000) GeV/c	17.5	0.4	286.2	26.1	119.3	15.0	89.1	1.8	20.9	1.9	533.1	30.2	4.33	0.33	21.98	1.69	5.16	0.61	27.14	1.79
(0.200, 0.265) GeV/c	6.5	0.1	45.6	4.1	7.1	0.9	45.9	0.9	3.5	0.3	108.5	4.4	12.40	1.03	87.13	7.24	6.58	0.80	93.71	7.29
(0.265, 0.336) GeV/c	4.2	0.1	51.8	4.7	9.3	1.2	30.3	0.6	4.0	0.4	99.5	4.9	6.79	0.56	49.51	4.06	6.47	0.78	55.98	4.14
(0.336, 0.451) GeV/c	1.6	0.0	71.9	6.5	17.8	2.2	12.0	0.2	5.3	0.5	108.6	6.9	1.74	0.14	13.41	1.07	5.89	0.70	19.30	1.28
(0.451, 0.659) GeV/c	0.4	0.0	80.2	7.3	35.2	4.4	1.0	0.0	5.9	0.5	122.6	8.6	0.37	0.03	0.84	0.06	5.09	0.60	5.92	0.60
(0.659, 1.000) GeV/c	0.0	0.0	36.6	3.3	49.9	6.3	0.0	0.0	2.4	0.2	89.0	7.1	0.05	0.00	0.00	0.00	2.72	0.33	2.72	0.33
