Dataset contains 3661 events.
***
pT range		NCohJ 	err 	NIncJ 	err 	NDiss 	err 	NCohP 	err 	NIncP 	err 	sum 	err 	fC 	err 	fD coh	err 	fD inc	err 	fD 	err
(0.000, 2.000) GeV/c	2862.6	58.1	387.6	33.2	182.2	23.3	201.4	4.1	28.6	2.4	3662.4	71.0
(0.200, 2.000) GeV/c	0.1	0.0	309.1	26.4	172.6	22.1	88.5	1.8	22.5	1.9	592.8	34.6	0.01	0.00	18.38	1.37	4.68	0.52	23.06	1.46
(0.200, 1.000) GeV/c	0.0	0.0	305.9	26.2	115.8	14.8	88.5	1.8	22.4	1.9	532.6	30.2	0.01	0.00	20.99	1.56	5.30	0.59	26.29	1.66
(0.200, 0.265) GeV/c	0.0	0.0	48.7	4.2	6.9	0.9	45.5	0.9	3.7	0.3	104.8	4.4	0.02	0.00	81.96	6.50	6.66	0.76	88.62	6.54
(0.265, 0.336) GeV/c	0.0	0.0	55.4	4.7	9.0	1.2	30.1	0.6	4.2	0.4	98.7	4.9	0.00	0.00	46.65	3.66	6.56	0.75	53.21	3.73
(0.336, 0.451) GeV/c	0.0	0.0	76.9	6.6	17.3	2.2	12.0	0.2	5.7	0.5	111.8	7.0	0.00	0.00	12.69	0.97	6.00	0.68	18.69	1.18
(0.451, 0.659) GeV/c	0.0	0.0	85.7	7.3	34.1	4.4	1.0	0.0	6.3	0.5	127.1	8.6	0.00	0.00	0.80	0.06	5.23	0.58	6.03	0.59
(0.659, 1.000) GeV/c	0.0	0.0	39.1	3.3	48.5	6.2	0.0	0.0	2.5	0.2	90.1	7.1	0.00	0.00	0.00	0.00	2.87	0.34	2.87	0.34
