Dataset contains 3661 events.
***
pT range		NCohJ 	err 	NIncJ 	err 	NDiss 	err 	NCohP 	err 	NIncP 	err 	sum 	err 	fC 	err 	fD coh	err 	fD inc	err 	fD 	err
(0.000, 2.000) GeV/c	2910.9	58.2	322.5	31.9	199.2	24.5	204.9	4.1	23.8	2.4	3661.4	70.9
(0.200, 2.000) GeV/c	8.8	0.2	257.3	25.5	188.7	23.2	90.1	1.8	18.8	1.9	563.6	34.5	1.97	0.16	20.19	1.61	4.21	0.53	24.40	1.69
(0.200, 1.000) GeV/c	8.8	0.2	254.6	25.2	126.7	15.6	90.1	1.8	18.6	1.8	498.7	29.7	2.31	0.19	23.62	1.89	4.88	0.61	28.51	1.99
(0.200, 0.265) GeV/c	8.7	0.2	40.5	4.0	7.5	0.9	46.3	0.9	3.1	0.3	106.2	4.2	18.10	1.59	96.46	8.49	6.41	0.84	102.87	8.53
(0.265, 0.336) GeV/c	0.1	0.0	46.1	4.6	9.9	1.2	30.6	0.6	3.5	0.3	90.2	4.8	0.19	0.02	54.62	4.73	6.29	0.82	60.91	4.80
(0.336, 0.451) GeV/c	0.0	0.0	64.0	6.3	18.9	2.3	12.2	0.2	4.7	0.5	99.8	6.8	0.00	0.00	14.67	1.23	5.67	0.73	20.34	1.43
(0.451, 0.659) GeV/c	0.0	0.0	71.3	7.1	37.3	4.6	1.0	0.0	5.2	0.5	114.9	8.4	0.00	0.00	0.90	0.07	4.80	0.60	5.70	0.61
(0.659, 1.000) GeV/c	0.0	0.0	32.6	3.2	53.0	6.5	0.0	0.0	2.1	0.2	87.7	7.3	0.00	0.00	0.00	0.00	2.44	0.32	2.44	0.32
