Dataset contains 3661 events.
***
pT range		NCohJ 	err 	NIncJ 	err 	NDiss 	err 	NCohP 	err 	NIncP 	err 	sum 	err 	fC 	err 	fD coh	err 	fD inc	err 	fD 	err
(0.000, 2.000) GeV/c	2902.9	58.3	333.8	32.3	195.9	24.3	204.4	4.1	24.6	2.4	3661.5	71.1
(0.200, 2.000) GeV/c	8.9	0.2	266.2	25.8	185.5	23.0	89.6	1.8	19.5	1.9	569.7	34.7	1.96	0.16	19.84	1.57	4.31	0.53	24.15	1.66
(0.200, 1.000) GeV/c	8.9	0.2	263.4	25.5	124.6	15.4	89.6	1.8	19.3	1.9	505.7	29.9	2.28	0.18	23.10	1.84	4.97	0.62	28.08	1.94
(0.200, 0.265) GeV/c	8.8	0.2	41.9	4.1	7.4	0.9	46.4	0.9	3.1	0.3	107.6	4.3	17.75	1.54	94.11	8.17	6.36	0.82	100.47	8.21
(0.265, 0.336) GeV/c	0.1	0.0	47.7	4.6	9.7	1.2	30.4	0.6	3.6	0.3	91.6	4.8	0.18	0.02	52.97	4.53	6.25	0.80	59.22	4.60
(0.336, 0.451) GeV/c	0.0	0.0	66.2	6.4	18.6	2.3	11.9	0.2	4.8	0.5	101.6	6.8	0.00	0.00	14.04	1.16	5.71	0.72	19.75	1.37
(0.451, 0.659) GeV/c	0.0	0.0	73.8	7.2	36.7	4.6	0.9	0.0	5.5	0.5	116.9	8.5	0.00	0.00	0.79	0.06	4.93	0.61	5.73	0.61
(0.659, 1.000) GeV/c	0.0	0.0	33.7	3.3	52.1	6.5	0.0	0.0	2.3	0.2	88.1	7.2	0.00	0.00	0.00	0.00	2.63	0.34	2.63	0.34
