Dataset contains 3661 events.
***
pT range		NCohJ 	err 	NIncJ 	err 	NDiss 	err 	NCohP 	err 	NIncP 	err 	sum 	err 	fC 	err 	fD coh	err 	fD inc	err 	fD 	err
(0.000, 2.000) GeV/c	2896.5	58.2	341.6	32.3	193.7	24.0	203.9	4.1	25.2	2.4	3660.9	70.9
(0.200, 2.000) GeV/c	6.3	0.1	272.4	25.7	183.5	22.7	89.4	1.8	19.9	1.9	571.6	34.4	1.39	0.11	19.62	1.53	4.37	0.53	23.98	1.62
(0.200, 1.000) GeV/c	6.3	0.1	269.6	25.5	123.2	15.3	89.4	1.8	19.7	1.9	508.2	29.8	1.61	0.13	22.77	1.78	5.03	0.61	27.80	1.88
(0.200, 0.265) GeV/c	6.3	0.1	42.9	4.1	7.3	0.9	46.3	0.9	3.2	0.3	106.0	4.3	12.49	1.06	92.22	7.85	6.39	0.80	98.61	7.89
(0.265, 0.336) GeV/c	0.1	0.0	48.9	4.6	9.6	1.2	30.4	0.6	3.7	0.3	92.6	4.8	0.10	0.01	51.94	4.36	6.28	0.78	58.22	4.43
(0.336, 0.451) GeV/c	0.0	0.0	67.7	6.4	18.4	2.3	11.9	0.2	5.0	0.5	103.0	6.8	0.00	0.00	13.79	1.12	5.76	0.71	19.54	1.33
(0.451, 0.659) GeV/c	0.0	0.0	75.6	7.1	36.3	4.5	0.9	0.0	5.6	0.5	118.3	8.5	0.00	0.00	0.78	0.06	4.99	0.60	5.77	0.61
(0.659, 1.000) GeV/c	0.0	0.0	34.5	3.3	51.6	6.4	0.0	0.0	2.3	0.2	88.3	7.2	0.00	0.00	0.00	0.00	2.69	0.34	2.69	0.34
