Dataset contains 3664 events.
***
pT range		NCohJ 	err 	NIncJ 	err 	NDiss 	err 	NCohP 	err 	NIncP 	err 	sum 	err 	fC 	err 	fD coh	err 	fD inc	err 	fD 	err
(0.000, 2.000) GeV/c	2907.5	58.5	362.7	32.2	184.1	23.3	182.6	3.7	27.2	2.4	3664.1	70.8
(0.200, 2.000) GeV/c	6.3	0.1	289.2	25.7	174.9	22.1	80.1	1.6	21.5	1.9	572.0	33.9	1.36	0.10	17.25	1.31	4.64	0.53	21.89	1.41
(0.200, 1.000) GeV/c	6.3	0.1	286.2	25.4	115.1	14.5	80.1	1.6	21.3	1.9	509.0	29.3	1.57	0.12	19.96	1.51	5.32	0.61	25.27	1.63
(0.200, 0.283) GeV/c	6.3	0.1	58.8	5.2	8.7	1.1	50.5	1.0	4.5	0.4	128.7	5.4	9.30	0.76	74.85	6.10	6.65	0.79	81.50	6.15
(0.283, 0.390) GeV/c	0.0	0.0	75.4	6.7	14.3	1.8	26.6	0.5	5.7	0.5	122.0	7.0	0.02	0.00	29.63	2.36	6.32	0.74	35.95	2.48
(0.390, 0.508) GeV/c	0.0	0.0	63.6	5.6	18.3	2.3	3.0	0.1	4.8	0.4	89.6	6.1	0.00	0.00	3.62	0.28	5.81	0.67	9.42	0.73
(0.508, 0.691) GeV/c	0.0	0.0	58.7	5.2	29.9	3.8	0.0	0.0	4.4	0.4	93.0	6.4	0.00	0.00	0.04	0.00	4.96	0.57	5.01	0.57
(0.691, 1.000) GeV/c	0.0	0.0	29.7	2.6	43.9	5.5	0.0	0.0	2.0	0.2	75.6	6.1	0.00	0.00	0.00	0.00	2.74	0.33	2.74	0.33
