Dataset contains 3664 events.
***
pT range		NCohJ 	err 	NIncJ 	err 	NDiss 	err 	NCohP 	err 	NIncP 	err 	sum 	err 	fC 	err 	fD coh	err 	fD inc	err 	fD 	err
(0.000, 2.000) GeV/c	2908.6	58.5	362.8	32.7	183.0	23.9	182.7	3.7	27.2	2.5	3664.2	71.3
(0.200, 2.000) GeV/c	6.3	0.1	289.3	26.1	173.3	22.6	80.1	1.6	22.8	2.1	571.8	34.6	1.36	0.11	17.32	1.34	4.93	0.58	22.25	1.46
(0.200, 1.000) GeV/c	6.3	0.1	286.2	25.8	116.4	15.2	80.1	1.6	21.1	1.9	510.1	30.1	1.56	0.12	19.90	1.53	5.23	0.61	25.13	1.65
(0.200, 0.283) GeV/c	6.3	0.1	58.8	5.3	9.0	1.2	50.5	1.0	3.6	0.3	128.2	5.5	9.25	0.76	74.50	6.15	5.31	0.64	79.81	6.19
(0.283, 0.390) GeV/c	0.0	0.0	75.4	6.8	14.8	1.9	26.6	0.5	4.7	0.4	121.6	7.1	0.02	0.00	29.49	2.39	5.26	0.63	34.74	2.47
(0.390, 0.508) GeV/c	0.0	0.0	63.6	5.7	18.8	2.5	3.0	0.1	4.3	0.4	89.7	6.3	0.00	0.00	3.59	0.28	5.17	0.61	8.76	0.67
(0.508, 0.691) GeV/c	0.0	0.0	58.7	5.3	30.2	4.0	0.0	0.0	4.7	0.4	93.7	6.6	0.00	0.00	0.04	0.00	5.28	0.62	5.33	0.62
(0.691, 1.000) GeV/c	0.0	0.0	29.7	2.7	43.5	5.7	0.0	0.0	3.8	0.3	76.9	6.3	0.00	0.00	0.00	0.00	5.13	0.64	5.13	0.64
