Dataset contains 3664 events.
***
pT range		NCohJ 	err 	NIncJ 	err 	NDiss 	err 	NCohP 	err 	NIncP 	err 	sum 	err 	fC 	err 	fD coh	err 	fD inc	err 	fD 	err
(0.000, 2.000) GeV/c	2904.1	58.4	347.8	32.1	192.0	23.9	192.5	3.9	27.5	2.5	3664.0	70.9
(0.200, 2.000) GeV/c	6.3	0.1	277.3	25.6	181.9	22.6	84.4	1.7	21.8	2.0	571.7	34.3	1.37	0.11	18.39	1.42	4.74	0.56	23.13	1.53
(0.200, 1.000) GeV/c	6.3	0.1	274.4	25.3	122.1	15.2	84.4	1.7	21.6	2.0	508.8	29.7	1.59	0.12	21.30	1.64	5.45	0.65	26.74	1.77
(0.200, 0.283) GeV/c	6.3	0.1	56.3	5.2	9.5	1.2	53.2	1.1	4.5	0.4	129.9	5.5	9.52	0.80	80.90	6.76	6.90	0.85	87.80	6.81
(0.283, 0.390) GeV/c	0.0	0.0	72.3	6.7	15.5	1.9	28.0	0.6	5.7	0.5	121.6	7.0	0.02	0.00	31.93	2.61	6.54	0.80	38.46	2.73
(0.390, 0.508) GeV/c	0.0	0.0	61.0	5.6	19.7	2.5	3.1	0.1	4.8	0.4	88.7	6.2	0.00	0.00	3.87	0.30	5.96	0.71	9.83	0.78
(0.508, 0.691) GeV/c	0.0	0.0	56.3	5.2	31.7	4.0	0.0	0.0	4.5	0.4	92.5	6.5	0.00	0.00	0.05	0.00	5.06	0.60	5.10	0.60
(0.691, 1.000) GeV/c	0.0	0.0	28.4	2.6	45.6	5.7	0.0	0.0	2.0	0.2	76.1	6.3	0.00	0.00	0.00	0.00	2.76	0.35	2.76	0.35
