Dataset contains 3733 events.
***
pT range		NCohJ 	err 	NIncJ 	err 	NDiss 	err 	NCohP 	err 	NIncP 	err 	sum 	err 	fC 	err 	fD coh	err 	fD inc	err 	fD 	err
(0.000, 2.000) GeV/c	2919.2	58.7	400.6	33.6	180.0	23.4	205.4	4.1	29.5	2.5	3734.7	71.8
(0.200, 2.000) GeV/c	0.0	0.0	318.8	26.7	170.4	22.2	90.2	1.8	23.3	2.0	602.8	34.8	0.01	0.00	18.44	1.36	4.76	0.52	23.21	1.46
(0.200, 1.000) GeV/c	0.0	0.0	315.3	26.4	114.4	14.9	90.2	1.8	23.1	1.9	543.0	30.4	0.01	0.00	21.00	1.54	5.38	0.59	26.37	1.65
(0.200, 0.282) GeV/c	0.0	0.0	63.4	5.3	8.7	1.1	55.8	1.1	4.8	0.4	132.8	5.6	0.02	0.00	77.27	6.02	6.69	0.75	83.96	6.07
(0.282, 0.382) GeV/c	0.0	0.0	78.4	6.6	13.5	1.8	30.0	0.6	5.8	0.5	127.7	6.8	0.00	0.00	32.65	2.50	6.32	0.71	38.97	2.60
(0.382, 0.572) GeV/c	0.0	0.0	104.5	8.8	30.1	3.9	4.4	0.1	7.6	0.6	146.7	9.6	0.00	0.00	3.30	0.24	5.68	0.62	8.98	0.67
(0.572, 1.000) GeV/c	0.0	0.0	68.9	5.8	62.1	8.1	0.0	0.0	4.8	0.4	135.8	9.9	0.00	0.00	0.00	0.00	3.67	0.42	3.68	0.42
