Dataset contains 3733 events.
***
pT range		NCohJ 	err 	NIncJ 	err 	NDiss 	err 	NCohP 	err 	NIncP 	err 	sum 	err 	fC 	err 	fD coh	err 	fD inc	err 	fD 	err
(0.000, 2.000) GeV/c	2969.3	58.8	332.8	32.1	197.4	24.5	209.0	4.1	24.5	2.4	3733.1	71.5
(0.200, 2.000) GeV/c	8.7	0.2	264.8	25.6	187.0	23.2	91.8	1.8	19.4	1.9	571.6	34.6	1.92	0.15	20.32	1.60	4.28	0.53	24.61	1.69
(0.200, 1.000) GeV/c	8.7	0.2	261.9	25.3	125.5	15.6	91.8	1.8	19.2	1.9	507.1	29.8	2.24	0.18	23.70	1.88	4.95	0.61	28.65	1.97
(0.200, 0.282) GeV/c	8.6	0.2	52.7	5.1	9.6	1.2	56.7	1.1	4.0	0.4	131.7	5.4	13.88	1.20	91.12	7.85	6.44	0.82	97.57	7.89
(0.282, 0.382) GeV/c	0.0	0.0	65.2	6.3	14.8	1.8	30.5	0.6	4.8	0.5	115.3	6.6	0.04	0.00	38.20	3.22	6.04	0.76	44.24	3.31
(0.382, 0.572) GeV/c	0.0	0.0	86.8	8.4	33.1	4.1	4.5	0.1	6.4	0.6	130.8	9.3	0.00	0.00	3.78	0.30	5.30	0.66	9.08	0.72
(0.572, 1.000) GeV/c	0.0	0.0	57.2	5.5	68.1	8.5	0.0	0.0	4.0	0.4	129.3	10.1	0.00	0.00	0.00	0.00	3.19	0.40	3.19	0.40
