Dataset contains 3733 events.
***
pT range		NCohJ 	err 	NIncJ 	err 	NDiss 	err 	NCohP 	err 	NIncP 	err 	sum 	err 	fC 	err 	fD coh	err 	fD inc	err 	fD 	err
(0.000, 2.000) GeV/c	2938.5	58.9	374.5	33.6	185.7	23.8	206.9	4.1	27.6	2.5	3733.1	72.0
(0.200, 2.000) GeV/c	12.8	0.3	298.0	26.7	175.8	22.6	90.9	1.8	21.8	2.0	599.3	35.1	2.70	0.21	19.17	1.47	4.60	0.53	23.77	1.56
(0.200, 1.000) GeV/c	18.0	0.4	294.7	26.5	118.0	15.1	90.9	1.8	21.6	1.9	543.3	30.6	4.37	0.33	22.01	1.68	5.23	0.61	27.24	1.79
(0.200, 0.282) GeV/c	9.0	0.2	59.3	5.3	9.0	1.2	56.2	1.1	4.5	0.4	138.0	5.6	13.19	1.08	82.20	6.76	6.61	0.79	88.82	6.80
(0.282, 0.382) GeV/c	2.9	0.1	73.3	6.6	13.9	1.8	30.2	0.6	5.4	0.5	125.8	6.9	3.36	0.27	34.64	2.80	6.23	0.74	40.87	2.89
(0.382, 0.572) GeV/c	0.7	0.0	97.7	8.8	31.1	4.0	4.5	0.1	7.2	0.6	141.2	9.7	0.58	0.04	3.48	0.27	5.55	0.65	9.03	0.70
(0.572, 1.000) GeV/c	0.1	0.0	64.4	5.8	64.0	8.2	0.0	0.0	4.5	0.4	133.0	10.1	0.07	0.01	0.00	0.00	3.50	0.42	3.51	0.42
