Dataset contains 3733 events.
***
pT range		NCohJ 	err 	NIncJ 	err 	NDiss 	err 	NCohP 	err 	NIncP 	err 	sum 	err 	fC 	err 	fD coh	err 	fD inc	err 	fD 	err
(0.000, 2.000) GeV/c	2955.0	58.8	352.0	32.6	192.2	24.2	208.0	4.1	25.9	2.4	3733.1	71.6
(0.200, 2.000) GeV/c	8.7	0.2	280.0	26.0	182.0	22.9	91.2	1.8	20.5	1.9	582.5	34.7	1.89	0.15	19.74	1.53	4.44	0.53	24.18	1.62
(0.200, 1.000) GeV/c	8.7	0.2	276.9	25.7	122.2	15.4	91.2	1.8	20.3	1.9	519.4	30.0	2.19	0.17	22.85	1.77	5.09	0.61	27.95	1.87
(0.200, 0.282) GeV/c	8.7	0.2	55.7	5.2	9.3	1.2	57.0	1.1	4.2	0.4	135.0	5.4	13.39	1.12	87.67	7.35	6.50	0.80	94.17	7.39
(0.282, 0.382) GeV/c	0.0	0.0	68.9	6.4	14.4	1.8	29.9	0.6	5.1	0.5	118.3	6.7	0.04	0.00	35.85	2.95	6.09	0.74	41.93	3.04
(0.382, 0.572) GeV/c	0.0	0.0	91.8	8.5	32.2	4.0	4.3	0.1	6.8	0.6	135.1	9.4	0.00	0.00	3.48	0.27	5.47	0.66	8.95	0.71
(0.572, 1.000) GeV/c	0.0	0.0	60.5	5.6	66.3	8.3	0.0	0.0	4.2	0.4	131.0	10.1	0.00	0.00	0.00	0.00	3.35	0.41	3.35	0.41
