Dataset contains 3734 events.
***
pT range		NCohJ 	err 	NIncJ 	err 	NDiss 	err 	NCohP 	err 	NIncP 	err 	sum 	err 	fC 	err 	fD coh	err 	fD inc	err 	fD 	err
(0.000, 2.000) GeV/c	2968.8	58.8	334.0	32.1	197.6	24.4	209.0	4.1	24.6	2.4	3734.1	71.5
(0.200, 2.000) GeV/c	9.0	0.2	266.3	25.6	187.2	23.2	91.9	1.8	19.4	1.9	573.7	34.6	1.99	0.16	20.26	1.59	4.28	0.53	24.54	1.68
(0.200, 1.000) GeV/c	9.0	0.2	263.5	25.3	125.6	15.5	91.9	1.8	19.3	1.9	509.2	29.8	2.32	0.18	23.61	1.86	4.95	0.61	28.56	1.96
(0.200, 0.265) GeV/c	8.9	0.2	41.9	4.0	7.4	0.9	47.3	0.9	3.2	0.3	108.7	4.3	18.05	1.55	95.85	8.25	6.49	0.83	102.34	8.29
(0.265, 0.336) GeV/c	0.1	0.0	47.6	4.6	9.8	1.2	31.2	0.6	3.6	0.3	92.4	4.8	0.18	0.02	54.27	4.60	6.33	0.80	60.60	4.67
(0.336, 0.453) GeV/c	0.0	0.0	67.3	6.5	19.1	2.4	12.4	0.2	4.9	0.5	103.8	6.9	0.00	0.00	14.40	1.18	5.71	0.71	20.11	1.38
(0.453, 0.659) GeV/c	0.0	0.0	72.8	7.0	36.7	4.5	0.9	0.0	5.3	0.5	115.7	8.4	0.00	0.00	0.86	0.07	4.85	0.60	5.71	0.60
(0.659, 1.000) GeV/c	0.0	0.0	33.8	3.2	52.6	6.5	0.0	0.0	2.2	0.2	88.5	7.3	0.00	0.00	0.00	0.00	2.52	0.32	2.52	0.32
