Dataset contains 3734 events.
***
pT range		NCohJ 	err 	NIncJ 	err 	NDiss 	err 	NCohP 	err 	NIncP 	err 	sum 	err 	fC 	err 	fD coh	err 	fD inc	err 	fD 	err
(0.000, 2.000) GeV/c	2969.8	58.8	332.6	32.1	198.0	24.5	209.1	4.1	24.5	2.4	3734.1	71.5
(0.200, 2.000) GeV/c	9.0	0.2	265.2	25.6	187.5	23.2	91.9	1.8	19.3	1.9	573.0	34.6	1.99	0.16	20.30	1.60	4.27	0.53	24.57	1.68
(0.200, 1.000) GeV/c	9.0	0.2	262.4	25.3	125.9	15.6	91.9	1.8	19.2	1.9	508.4	29.8	2.32	0.18	23.67	1.87	4.94	0.61	28.61	1.97
(0.200, 0.265) GeV/c	8.9	0.2	41.7	4.0	7.5	0.9	47.3	0.9	3.2	0.3	108.6	4.2	18.08	1.56	96.18	8.29	6.49	0.83	102.67	8.33
(0.265, 0.336) GeV/c	0.1	0.0	47.5	4.6	9.8	1.2	31.2	0.6	3.6	0.3	92.2	4.8	0.18	0.02	54.45	4.63	6.33	0.80	60.78	4.70
(0.336, 0.453) GeV/c	0.0	0.0	67.1	6.5	19.2	2.4	12.5	0.2	4.9	0.5	103.6	6.9	0.00	0.00	14.44	1.19	5.71	0.71	20.15	1.39
(0.453, 0.659) GeV/c	0.0	0.0	72.5	7.0	36.8	4.5	0.9	0.0	5.3	0.5	115.5	8.4	0.00	0.00	0.86	0.07	4.84	0.60	5.70	0.60
(0.659, 1.000) GeV/c	0.0	0.0	33.6	3.2	52.7	6.5	0.0	0.0	2.2	0.2	88.5	7.3	0.00	0.00	0.00	0.00	2.51	0.32	2.51	0.32
