Dataset contains 3734 events.
***
pT range		NCohJ 	err 	NIncJ 	err 	NDiss 	err 	NCohP 	err 	NIncP 	err 	sum 	err 	fC 	err 	fD coh	err 	fD inc	err 	fD 	err
(0.000, 2.000) GeV/c	2961.8	58.9	343.4	32.5	195.0	24.3	208.5	4.1	25.3	2.4	3734.1	71.7
(0.200, 2.000) GeV/c	9.0	0.2	273.8	25.9	184.7	23.0	91.6	1.8	20.0	1.9	579.1	34.7	1.97	0.15	19.99	1.56	4.36	0.53	24.35	1.65
(0.200, 1.000) GeV/c	9.0	0.2	270.9	25.6	124.0	15.4	91.6	1.8	19.8	1.9	515.4	30.0	2.29	0.18	23.21	1.82	5.02	0.61	28.23	1.92
(0.200, 0.265) GeV/c	8.9	0.2	43.1	4.1	7.3	0.9	47.2	0.9	3.3	0.3	109.8	4.3	17.73	1.51	93.56	7.97	6.53	0.82	100.09	8.01
(0.265, 0.336) GeV/c	0.1	0.0	49.0	4.6	9.7	1.2	31.1	0.6	3.7	0.4	93.6	4.8	0.18	0.02	53.02	4.45	6.38	0.80	59.40	4.53
(0.336, 0.453) GeV/c	0.0	0.0	69.2	6.6	18.9	2.4	12.4	0.2	5.1	0.5	105.6	7.0	0.00	0.00	14.10	1.15	5.77	0.71	19.86	1.35
(0.453, 0.659) GeV/c	0.0	0.0	74.9	7.1	36.2	4.5	0.9	0.0	5.5	0.5	117.5	8.4	0.00	0.00	0.84	0.07	4.92	0.60	5.76	0.60
(0.659, 1.000) GeV/c	0.0	0.0	34.7	3.3	51.9	6.5	0.0	0.0	2.2	0.2	88.9	7.3	0.00	0.00	0.00	0.00	2.58	0.33	2.58	0.33
