Dataset contains 3734 events.
***
pT range		NCohJ 	err 	NIncJ 	err 	NDiss 	err 	NCohP 	err 	NIncP 	err 	sum 	err 	fC 	err 	fD coh	err 	fD inc	err 	fD 	err
(0.000, 2.000) GeV/c	2963.2	58.9	341.5	32.4	195.5	24.3	208.6	4.1	25.2	2.4	3734.1	71.6
(0.200, 2.000) GeV/c	9.0	0.2	272.3	25.8	185.2	23.0	91.7	1.8	19.9	1.9	578.1	34.7	1.98	0.15	20.04	1.57	4.34	0.53	24.38	1.65
(0.200, 1.000) GeV/c	9.0	0.2	269.4	25.6	124.3	15.5	91.7	1.8	19.7	1.9	514.2	30.0	2.30	0.18	23.29	1.83	5.01	0.61	28.29	1.93
(0.200, 0.265) GeV/c	8.9	0.2	42.9	4.1	7.4	0.9	47.2	0.9	3.3	0.3	109.6	4.3	17.80	1.52	94.01	8.03	6.52	0.82	100.54	8.07
(0.265, 0.336) GeV/c	0.1	0.0	48.7	4.6	9.7	1.2	31.1	0.6	3.7	0.4	93.4	4.8	0.18	0.02	53.26	4.48	6.37	0.80	59.63	4.55
(0.336, 0.453) GeV/c	0.0	0.0	68.9	6.5	18.9	2.4	12.4	0.2	5.1	0.5	105.3	7.0	0.00	0.00	14.16	1.16	5.76	0.71	19.91	1.36
(0.453, 0.659) GeV/c	0.0	0.0	74.4	7.1	36.3	4.5	0.9	0.0	5.4	0.5	117.1	8.4	0.00	0.00	0.85	0.07	4.91	0.60	5.75	0.60
(0.659, 1.000) GeV/c	0.0	0.0	34.5	3.3	52.0	6.5	0.0	0.0	2.2	0.2	88.8	7.3	0.00	0.00	0.00	0.00	2.57	0.33	2.57	0.33
