Dataset contains 3734 events.
***
pT range		NCohJ 	err 	NIncJ 	err 	NDiss 	err 	NCohP 	err 	NIncP 	err 	sum 	err 	fC 	err 	fD coh	err 	fD inc	err 	fD 	err
(0.000, 2.000) GeV/c	2970.7	58.8	331.4	32.0	198.3	24.5	209.1	4.1	24.4	2.4	3734.1	71.5
(0.200, 2.000) GeV/c	9.0	0.2	264.2	25.5	187.9	23.2	91.9	1.8	19.3	1.9	572.3	34.6	1.99	0.16	20.33	1.60	4.26	0.52	24.60	1.69
(0.200, 1.000) GeV/c	9.0	0.2	261.4	25.3	126.1	15.6	91.9	1.8	19.1	1.8	507.6	29.8	2.32	0.18	23.72	1.88	4.93	0.61	28.65	1.97
(0.200, 0.265) GeV/c	8.9	0.2	41.6	4.0	7.5	0.9	47.3	0.9	3.2	0.3	108.4	4.2	18.11	1.56	96.49	8.33	6.48	0.83	102.97	8.37
(0.265, 0.336) GeV/c	0.1	0.0	47.3	4.6	9.8	1.2	31.2	0.6	3.6	0.3	92.0	4.8	0.18	0.02	54.62	4.65	6.32	0.80	60.94	4.72
(0.336, 0.453) GeV/c	0.0	0.0	66.8	6.5	19.2	2.4	12.5	0.2	4.9	0.5	103.4	6.9	0.00	0.00	14.48	1.19	5.70	0.71	20.18	1.39
(0.453, 0.659) GeV/c	0.0	0.0	72.2	7.0	36.8	4.5	0.9	0.0	5.3	0.5	115.3	8.3	0.00	0.00	0.86	0.07	4.84	0.60	5.70	0.60
(0.659, 1.000) GeV/c	0.0	0.0	33.5	3.2	52.8	6.5	0.0	0.0	2.2	0.2	88.5	7.3	0.00	0.00	0.00	0.00	2.50	0.32	2.50	0.32
