Dataset contains 3734 events.
***
pT range		NCohJ 	err 	NIncJ 	err 	NDiss 	err 	NCohP 	err 	NIncP 	err 	sum 	err 	fC 	err 	fD coh	err 	fD inc	err 	fD 	err
(0.000, 2.000) GeV/c	2966.8	58.8	336.7	32.2	196.8	24.4	208.9	4.1	24.8	2.4	3734.1	71.5
(0.200, 2.000) GeV/c	9.0	0.2	268.5	25.7	186.4	23.1	91.8	1.8	19.6	1.9	575.3	34.7	1.98	0.16	20.18	1.58	4.30	0.53	24.48	1.67
(0.200, 1.000) GeV/c	9.0	0.2	265.6	25.4	125.2	15.5	91.8	1.8	19.4	1.9	511.0	29.9	2.31	0.18	23.49	1.85	4.97	0.61	28.46	1.95
(0.200, 0.265) GeV/c	8.9	0.2	42.2	4.0	7.4	0.9	47.3	0.9	3.2	0.3	109.1	4.3	17.97	1.54	95.18	8.17	6.50	0.83	101.68	8.21
(0.265, 0.336) GeV/c	0.1	0.0	48.0	4.6	9.8	1.2	31.2	0.6	3.7	0.4	92.7	4.8	0.18	0.02	53.90	4.56	6.35	0.80	60.25	4.63
(0.336, 0.453) GeV/c	0.0	0.0	67.9	6.5	19.0	2.4	12.4	0.2	5.0	0.5	104.4	6.9	0.00	0.00	14.31	1.17	5.73	0.71	20.04	1.37
(0.453, 0.659) GeV/c	0.0	0.0	73.4	7.0	36.5	4.5	0.9	0.0	5.4	0.5	116.2	8.4	0.00	0.00	0.85	0.07	4.87	0.60	5.73	0.60
(0.659, 1.000) GeV/c	0.0	0.0	34.1	3.3	52.4	6.5	0.0	0.0	2.2	0.2	88.6	7.3	0.00	0.00	0.00	0.00	2.54	0.32	2.54	0.32
