Dataset contains 3734 events.
***
pT range		NCohJ 	err 	NIncJ 	err 	NDiss 	err 	NCohP 	err 	NIncP 	err 	sum 	err 	fC 	err 	fD coh	err 	fD inc	err 	fD 	err
(0.000, 2.000) GeV/c	2964.5	58.8	339.8	32.4	196.0	24.4	208.7	4.1	25.0	2.4	3734.1	71.6
(0.200, 2.000) GeV/c	9.0	0.2	270.9	25.8	185.6	23.1	91.7	1.8	19.8	1.9	577.0	34.7	1.98	0.16	20.09	1.57	4.33	0.53	24.42	1.66
(0.200, 1.000) GeV/c	9.0	0.2	268.0	25.5	124.6	15.5	91.7	1.8	19.6	1.9	513.0	30.0	2.30	0.18	23.36	1.84	4.99	0.61	28.35	1.93
(0.200, 0.265) GeV/c	8.9	0.2	42.6	4.1	7.4	0.9	47.2	0.9	3.3	0.3	109.4	4.3	17.87	1.53	94.44	8.08	6.52	0.82	100.95	8.12
(0.265, 0.336) GeV/c	0.1	0.0	48.5	4.6	9.7	1.2	31.1	0.6	3.7	0.4	93.1	4.8	0.18	0.02	53.50	4.51	6.36	0.80	59.86	4.58
(0.336, 0.453) GeV/c	0.0	0.0	68.5	6.5	19.0	2.4	12.4	0.2	5.0	0.5	104.9	7.0	0.00	0.00	14.21	1.16	5.75	0.71	19.96	1.36
(0.453, 0.659) GeV/c	0.0	0.0	74.1	7.1	36.4	4.5	0.9	0.0	5.4	0.5	116.8	8.4	0.00	0.00	0.85	0.07	4.90	0.60	5.74	0.60
(0.659, 1.000) GeV/c	0.0	0.0	34.4	3.3	52.2	6.5	0.0	0.0	2.2	0.2	88.7	7.3	0.00	0.00	0.00	0.00	2.56	0.32	2.56	0.32
