Dataset contains 3734 events.
***
pT range		NCohJ 	err 	NIncJ 	err 	NDiss 	err 	NCohP 	err 	NIncP 	err 	sum 	err 	fC 	err 	fD coh	err 	fD inc	err 	fD 	err
(0.000, 2.000) GeV/c	2958.7	58.9	347.7	32.7	193.8	24.2	208.3	4.1	25.6	2.4	3734.1	71.7
(0.200, 2.000) GeV/c	9.1	0.2	277.2	26.0	183.6	22.9	91.5	1.8	20.2	1.9	581.6	34.8	1.96	0.15	19.87	1.55	4.39	0.53	24.26	1.64
(0.200, 1.000) GeV/c	9.1	0.2	274.3	25.8	123.2	15.4	91.5	1.8	20.1	1.9	518.2	30.1	2.28	0.18	23.03	1.80	5.05	0.61	28.08	1.90
(0.200, 0.265) GeV/c	8.9	0.2	43.6	4.1	7.3	0.9	47.1	0.9	3.3	0.3	110.3	4.3	17.57	1.49	92.56	7.85	6.55	0.82	99.11	7.89
(0.265, 0.336) GeV/c	0.1	0.0	49.6	4.7	9.6	1.2	31.1	0.6	3.8	0.4	94.2	4.9	0.18	0.01	52.47	4.39	6.40	0.79	58.87	4.46
(0.336, 0.453) GeV/c	0.0	0.0	70.1	6.6	18.8	2.3	12.4	0.2	5.1	0.5	106.4	7.0	0.00	0.00	13.96	1.13	5.79	0.71	19.75	1.34
(0.453, 0.659) GeV/c	0.0	0.0	75.8	7.1	36.0	4.5	0.9	0.0	5.5	0.5	118.2	8.4	0.00	0.00	0.84	0.07	4.95	0.60	5.79	0.60
(0.659, 1.000) GeV/c	0.0	0.0	35.2	3.3	51.6	6.4	0.0	0.0	2.3	0.2	89.0	7.2	0.00	0.00	0.00	0.00	2.61	0.33	2.61	0.33
