Dataset contains 3734 events.
***
pT range		NCohJ 	err 	NIncJ 	err 	NDiss 	err 	NCohP 	err 	NIncP 	err 	sum 	err 	fC 	err 	fD coh	err 	fD inc	err 	fD 	err
(0.000, 2.000) GeV/c	2967.8	58.8	335.3	32.2	197.2	24.4	208.9	4.1	24.7	2.4	3734.1	71.5
(0.200, 2.000) GeV/c	9.0	0.2	267.4	25.7	186.8	23.1	91.8	1.8	19.5	1.9	574.5	34.6	1.99	0.16	20.22	1.59	4.29	0.53	24.51	1.67
(0.200, 1.000) GeV/c	9.0	0.2	264.5	25.4	125.4	15.5	91.8	1.8	19.3	1.9	510.1	29.9	2.31	0.18	23.55	1.86	4.96	0.61	28.51	1.95
(0.200, 0.265) GeV/c	8.9	0.2	42.1	4.0	7.4	0.9	47.3	0.9	3.2	0.3	108.9	4.3	18.01	1.55	95.51	8.21	6.50	0.83	102.01	8.25
(0.265, 0.336) GeV/c	0.1	0.0	47.8	4.6	9.8	1.2	31.2	0.6	3.7	0.4	92.6	4.8	0.18	0.02	54.09	4.58	6.34	0.80	60.43	4.65
(0.336, 0.453) GeV/c	0.0	0.0	67.6	6.5	19.1	2.4	12.4	0.2	5.0	0.5	104.1	6.9	0.00	0.00	14.35	1.18	5.72	0.71	20.08	1.38
(0.453, 0.659) GeV/c	0.0	0.0	73.1	7.0	36.6	4.5	0.9	0.0	5.3	0.5	116.0	8.4	0.00	0.00	0.86	0.07	4.86	0.60	5.72	0.60
(0.659, 1.000) GeV/c	0.0	0.0	33.9	3.3	52.5	6.5	0.0	0.0	2.2	0.2	88.6	7.3	0.00	0.00	0.00	0.00	2.53	0.32	2.53	0.32
