Dataset contains 3734 events.
***
pT range		NCohJ 	err 	NIncJ 	err 	NDiss 	err 	NCohP 	err 	NIncP 	err 	sum 	err 	fC 	err 	fD coh	err 	fD inc	err 	fD 	err
(0.000, 2.000) GeV/c	2954.8	58.9	352.8	32.8	192.4	24.1	208.0	4.1	26.0	2.4	3734.1	71.8
(0.200, 2.000) GeV/c	9.0	0.2	281.3	26.2	182.2	22.9	91.4	1.8	20.5	1.9	584.5	34.9	1.95	0.15	19.73	1.53	4.43	0.53	24.15	1.62
(0.200, 1.000) GeV/c	9.0	0.2	278.3	25.9	122.3	15.3	91.4	1.8	20.4	1.9	521.5	30.2	2.26	0.18	22.82	1.77	5.08	0.61	27.90	1.88
(0.200, 0.265) GeV/c	8.9	0.2	44.3	4.1	7.2	0.9	47.1	0.9	3.4	0.3	110.9	4.3	17.37	1.46	91.39	7.70	6.57	0.81	97.96	7.75
(0.265, 0.336) GeV/c	0.1	0.0	50.3	4.7	9.6	1.2	31.0	0.6	3.8	0.4	94.9	4.9	0.18	0.01	51.83	4.31	6.42	0.79	58.25	4.38
(0.336, 0.453) GeV/c	0.0	0.0	71.1	6.6	18.6	2.3	12.4	0.2	5.2	0.5	107.4	7.0	0.00	0.00	13.81	1.11	5.81	0.71	19.62	1.32
(0.453, 0.659) GeV/c	0.0	0.0	76.9	7.2	35.7	4.5	0.9	0.0	5.6	0.5	119.2	8.5	0.00	0.00	0.83	0.06	4.98	0.60	5.81	0.60
(0.659, 1.000) GeV/c	0.0	0.0	35.7	3.3	51.2	6.4	0.0	0.0	2.3	0.2	89.2	7.2	0.00	0.00	0.00	0.00	2.64	0.33	2.64	0.33
