Dataset contains 3734 events.
***
pT range		NCohJ 	err 	NIncJ 	err 	NDiss 	err 	NCohP 	err 	NIncP 	err 	sum 	err 	fC 	err 	fD coh	err 	fD inc	err 	fD 	err
(0.000, 2.000) GeV/c	2956.8	58.9	350.1	32.7	193.2	24.2	208.2	4.1	25.8	2.4	3734.1	71.8
(0.200, 2.000) GeV/c	9.1	0.2	279.1	26.1	182.9	22.9	91.5	1.8	20.4	1.9	583.0	34.8	1.96	0.15	19.80	1.54	4.41	0.53	24.21	1.63
(0.200, 1.000) GeV/c	9.1	0.2	276.2	25.8	122.8	15.4	91.5	1.8	20.2	1.9	519.7	30.2	2.27	0.18	22.93	1.79	5.06	0.61	27.99	1.89
(0.200, 0.265) GeV/c	8.9	0.2	43.9	4.1	7.3	0.9	47.1	0.9	3.4	0.3	110.6	4.3	17.47	1.48	92.00	7.78	6.56	0.82	98.56	7.82
(0.265, 0.336) GeV/c	0.1	0.0	49.9	4.7	9.6	1.2	31.1	0.6	3.8	0.4	94.5	4.9	0.18	0.01	52.16	4.35	6.41	0.79	58.57	4.42
(0.336, 0.453) GeV/c	0.0	0.0	70.6	6.6	18.7	2.3	12.4	0.2	5.2	0.5	106.9	7.0	0.00	0.00	13.89	1.12	5.80	0.71	19.69	1.33
(0.453, 0.659) GeV/c	0.0	0.0	76.3	7.1	35.9	4.5	0.9	0.0	5.6	0.5	118.7	8.4	0.00	0.00	0.83	0.06	4.97	0.60	5.80	0.60
(0.659, 1.000) GeV/c	0.0	0.0	35.4	3.3	51.4	6.4	0.0	0.0	2.3	0.2	89.1	7.2	0.00	0.00	0.00	0.00	2.63	0.33	2.63	0.33
