Dataset contains 3734 events.
***
pT range		NCohJ 	err 	NIncJ 	err 	NDiss 	err 	NCohP 	err 	NIncP 	err 	sum 	err 	fC 	err 	fD coh	err 	fD inc	err 	fD 	err
(0.000, 2.000) GeV/c	2960.3	58.9	345.5	32.6	194.4	24.3	208.4	4.1	25.5	2.4	3734.1	71.7
(0.200, 2.000) GeV/c	9.0	0.2	275.5	26.0	184.1	23.0	91.6	1.8	20.1	1.9	580.3	34.8	1.97	0.15	19.93	1.55	4.37	0.53	24.30	1.64
(0.200, 1.000) GeV/c	9.0	0.2	272.5	25.7	123.6	15.4	91.6	1.8	19.9	1.9	516.7	30.1	2.28	0.18	23.12	1.81	5.03	0.61	28.15	1.91
(0.200, 0.265) GeV/c	8.9	0.2	43.3	4.1	7.3	0.9	47.2	0.9	3.3	0.3	110.1	4.3	17.65	1.50	93.08	7.91	6.54	0.82	99.62	7.95
(0.265, 0.336) GeV/c	0.1	0.0	49.3	4.6	9.6	1.2	31.1	0.6	3.8	0.4	93.9	4.9	0.18	0.02	52.75	4.42	6.39	0.80	59.14	4.49
(0.336, 0.453) GeV/c	0.0	0.0	69.7	6.6	18.8	2.3	12.4	0.2	5.1	0.5	106.0	7.0	0.00	0.00	14.03	1.14	5.78	0.71	19.81	1.34
(0.453, 0.659) GeV/c	0.0	0.0	75.3	7.1	36.1	4.5	0.9	0.0	5.5	0.5	117.8	8.4	0.00	0.00	0.84	0.07	4.94	0.60	5.78	0.60
(0.659, 1.000) GeV/c	0.0	0.0	34.9	3.3	51.7	6.5	0.0	0.0	2.2	0.2	88.9	7.2	0.00	0.00	0.00	0.00	2.59	0.33	2.59	0.33
