Dataset contains 3734 events.
***
pT range		NCohJ 	err 	NIncJ 	err 	NDiss 	err 	NCohP 	err 	NIncP 	err 	sum 	err 	fC 	err 	fD coh	err 	fD inc	err 	fD 	err
(0.000, 2.000) GeV/c	2965.7	58.8	338.2	32.3	196.4	24.4	208.8	4.1	24.9	2.4	3734.1	71.6
(0.200, 2.000) GeV/c	9.0	0.2	269.6	25.7	186.0	23.1	91.8	1.8	19.7	1.9	576.1	34.7	1.98	0.16	20.14	1.58	4.32	0.53	24.45	1.67
(0.200, 1.000) GeV/c	9.0	0.2	266.8	25.5	124.9	15.5	91.8	1.8	19.5	1.9	512.0	29.9	2.31	0.18	23.43	1.84	4.98	0.61	28.41	1.94
(0.200, 0.265) GeV/c	8.9	0.2	42.4	4.1	7.4	0.9	47.2	0.9	3.2	0.3	109.2	4.3	17.92	1.54	94.82	8.13	6.51	0.83	101.33	8.17
(0.265, 0.336) GeV/c	0.1	0.0	48.2	4.6	9.7	1.2	31.1	0.6	3.7	0.4	92.9	4.8	0.18	0.02	53.71	4.54	6.35	0.80	60.06	4.61
(0.336, 0.453) GeV/c	0.0	0.0	68.2	6.5	19.0	2.4	12.4	0.2	5.0	0.5	104.6	6.9	0.00	0.00	14.26	1.17	5.74	0.71	20.00	1.37
(0.453, 0.659) GeV/c	0.0	0.0	73.7	7.0	36.5	4.5	0.9	0.0	5.4	0.5	116.5	8.4	0.00	0.00	0.85	0.07	4.88	0.60	5.74	0.60
(0.659, 1.000) GeV/c	0.0	0.0	34.2	3.3	52.3	6.5	0.0	0.0	2.2	0.2	88.7	7.3	0.00	0.00	0.00	0.00	2.55	0.32	2.55	0.32
