Dataset contains 3664 events.
***
pT range		NCohJ 	err 	NIncJ 	err 	NDiss 	err 	NCohP 	err 	NIncP 	err 	sum 	err 	fC 	err 	fD coh	err 	fD inc	err 	fD 	err
(0.000, 2.000) GeV/c	2912.2	58.6	364.6	32.4	188.8	23.7	172.7	3.5	25.8	2.3	3664.1	71.2
(0.200, 2.000) GeV/c	6.3	0.1	290.8	25.9	178.8	22.5	75.7	1.5	20.4	1.8	572.0	34.3	1.34	0.10	16.13	1.22	4.35	0.50	20.48	1.32
(0.200, 1.000) GeV/c	6.3	0.1	287.7	25.6	120.0	15.1	75.7	1.5	20.2	1.8	510.0	29.8	1.55	0.12	18.58	1.40	4.96	0.57	23.54	1.52
(0.200, 0.283) GeV/c	6.3	0.1	59.1	5.3	9.3	1.2	47.8	1.0	4.3	0.4	126.7	5.5	9.18	0.75	69.83	5.67	6.23	0.74	76.06	5.72
(0.283, 0.390) GeV/c	0.0	0.0	75.8	6.7	15.2	1.9	25.1	0.5	5.4	0.5	121.6	7.0	0.02	0.00	27.61	2.20	5.91	0.70	33.52	2.30
(0.390, 0.572) GeV/c	0.0	0.0	90.3	8.0	30.4	3.8	2.8	0.1	6.4	0.6	129.8	8.9	0.00	0.00	2.35	0.18	5.29	0.61	7.64	0.64
(0.572, 1.000) GeV/c	0.0	0.0	62.6	5.6	65.1	8.2	0.0	0.0	4.2	0.4	131.9	9.9	0.00	0.00	0.00	0.00	3.31	0.39	3.31	0.39
