Dataset contains 3664 events.
***
pT range		NCohJ 	err 	NIncJ 	err 	NDiss 	err 	NCohP 	err 	NIncP 	err 	sum 	err 	fC 	err 	fD coh	err 	fD inc	err 	fD 	err
(0.000, 2.000) GeV/c	2900.0	58.3	339.6	32.0	193.7	24.0	202.4	4.1	28.3	2.7	3664.0	70.8
(0.200, 2.000) GeV/c	6.3	0.1	270.8	25.5	183.4	22.7	88.8	1.8	22.4	2.1	571.7	34.3	1.38	0.11	19.54	1.52	4.93	0.59	24.47	1.63
(0.200, 1.000) GeV/c	6.3	0.1	268.0	25.2	123.2	15.3	88.8	1.8	22.2	2.1	508.4	29.6	1.60	0.13	22.70	1.77	5.67	0.68	28.37	1.90
(0.200, 0.283) GeV/c	6.3	0.1	55.0	5.2	9.5	1.2	56.0	1.1	4.7	0.4	131.5	5.5	9.69	0.82	86.68	7.34	7.22	0.90	93.90	7.40
(0.283, 0.390) GeV/c	0.0	0.0	70.6	6.7	15.6	1.9	29.5	0.6	5.9	0.6	121.7	7.0	0.02	0.00	34.17	2.83	6.84	0.85	41.00	2.95
(0.390, 0.572) GeV/c	0.0	0.0	84.1	7.9	31.2	3.9	3.3	0.1	7.0	0.7	125.6	8.8	0.00	0.00	2.89	0.23	6.07	0.74	8.95	0.77
(0.572, 1.000) GeV/c	0.0	0.0	58.3	5.5	66.8	8.3	0.0	0.0	4.6	0.4	129.7	9.9	0.00	0.00	0.00	0.00	3.70	0.46	3.70	0.46
