Dataset contains 3664 events.
***
pT range		NCohJ 	err 	NIncJ 	err 	NDiss 	err 	NCohP 	err 	NIncP 	err 	sum 	err 	fC 	err 	fD coh	err 	fD inc	err 	fD 	err
(0.000, 2.000) GeV/c	2871.3	58.4	405.0	33.1	178.5	23.1	180.2	3.7	30.4	2.5	3665.4	71.1
(0.200, 2.000) GeV/c	0.1	0.0	323.0	26.4	169.1	21.9	79.2	1.6	24.0	2.0	595.4	34.4	0.01	0.00	16.09	1.17	4.87	0.52	20.96	1.28
(0.200, 1.000) GeV/c	0.0	0.0	319.6	26.1	113.5	14.7	79.2	1.6	23.8	1.9	536.2	30.1	0.01	0.00	18.29	1.32	5.49	0.59	23.78	1.44
(0.200, 0.266) GeV/c	0.0	0.0	51.7	4.2	6.8	0.9	41.3	0.8	4.0	0.3	103.8	4.4	0.02	0.00	70.45	5.39	6.83	0.75	77.28	5.45
(0.266, 0.336) GeV/c	0.0	0.0	57.1	4.7	8.7	1.1	26.4	0.5	4.4	0.4	96.6	4.8	0.00	0.00	40.10	3.04	6.74	0.74	46.84	3.13
(0.336, 0.451) GeV/c	0.0	0.0	80.3	6.6	17.0	2.2	10.7	0.2	6.0	0.5	114.0	6.9	0.00	0.00	10.99	0.81	6.18	0.67	17.17	1.05
(0.451, 0.659) GeV/c	0.0	0.0	89.6	7.3	33.5	4.3	0.9	0.0	6.7	0.5	130.6	8.5	0.00	0.00	0.70	0.05	5.42	0.58	6.12	0.58
(0.659, 1.000) GeV/c	0.0	0.0	40.9	3.3	47.5	6.1	0.0	0.0	2.7	0.2	91.1	7.0	0.00	0.00	0.00	0.00	3.02	0.34	3.02	0.34
