Dataset contains 3664 events.
***
pT range		NCohJ 	err 	NIncJ 	err 	NDiss 	err 	NCohP 	err 	NIncP 	err 	sum 	err 	fC 	err 	fD coh	err 	fD inc	err 	fD 	err
(0.000, 2.000) GeV/c	2890.8	58.6	379.3	33.0	184.0	23.3	181.5	3.7	28.4	2.5	3664.0	71.3
(0.200, 2.000) GeV/c	12.9	0.3	302.5	26.3	174.2	22.1	79.8	1.6	22.4	2.0	591.8	34.5	2.70	0.20	16.74	1.25	4.71	0.53	21.44	1.36
(0.200, 1.000) GeV/c	12.8	0.3	299.3	26.1	117.0	14.8	79.8	1.6	22.3	1.9	531.2	30.1	3.09	0.23	19.17	1.43	5.35	0.60	24.52	1.56
(0.200, 0.266) GeV/c	6.7	0.1	48.4	4.2	7.0	0.9	41.6	0.8	3.7	0.3	107.5	4.4	12.16	0.98	74.91	6.02	6.75	0.79	81.66	6.07
(0.266, 0.336) GeV/c	4.1	0.1	53.4	4.7	9.0	1.1	26.6	0.5	4.2	0.4	97.3	4.8	6.49	0.52	42.57	3.38	6.65	0.77	49.22	3.47
(0.336, 0.451) GeV/c	1.6	0.0	75.2	6.6	17.5	2.2	10.8	0.2	5.6	0.5	110.7	6.9	1.68	0.13	11.62	0.90	6.07	0.70	17.69	1.14
(0.451, 0.659) GeV/c	0.4	0.0	83.9	7.3	34.5	4.4	0.9	0.0	6.2	0.5	125.9	8.5	0.36	0.03	0.73	0.05	5.28	0.60	6.01	0.60
(0.659, 1.000) GeV/c	0.0	0.0	38.3	3.3	49.0	6.2	0.0	0.0	2.5	0.2	89.8	7.1	0.05	0.00	0.00	0.00	2.87	0.34	2.87	0.34
