Dataset contains 3664 events.
***
pT range		NCohJ 	err 	NIncJ 	err 	NDiss 	err 	NCohP 	err 	NIncP 	err 	sum 	err 	fC 	err 	fD coh	err 	fD inc	err 	fD 	err
(0.000, 2.000) GeV/c	2908.4	58.5	356.1	32.4	190.4	23.9	182.6	3.7	26.7	2.4	3664.3	71.2
(0.200, 2.000) GeV/c	6.3	0.1	284.0	25.9	180.4	22.7	80.1	1.6	21.1	1.9	571.9	34.5	1.36	0.10	17.25	1.32	4.55	0.53	21.80	1.43
(0.200, 1.000) GeV/c	6.3	0.1	281.0	25.6	121.1	15.2	80.1	1.6	20.9	1.9	509.4	29.9	1.57	0.12	19.92	1.53	5.21	0.61	25.13	1.65
(0.200, 0.266) GeV/c	6.2	0.1	45.5	4.1	7.3	0.9	42.0	0.8	3.5	0.3	104.4	4.3	11.82	0.98	79.61	6.60	6.56	0.80	86.17	6.65
(0.266, 0.336) GeV/c	0.1	0.0	50.2	4.6	9.3	1.2	26.7	0.5	3.8	0.4	90.1	4.8	0.10	0.01	44.81	3.67	6.45	0.78	51.27	3.75
(0.336, 0.451) GeV/c	0.0	0.0	70.6	6.4	18.1	2.3	10.6	0.2	5.3	0.5	104.6	6.8	0.00	0.00	12.00	0.95	5.93	0.71	17.93	1.19
(0.451, 0.659) GeV/c	0.0	0.0	78.8	7.2	35.7	4.5	0.8	0.0	5.9	0.5	121.2	8.5	0.00	0.00	0.68	0.05	5.18	0.61	5.86	0.61
(0.659, 1.000) GeV/c	0.0	0.0	35.9	3.3	50.7	6.4	0.0	0.0	2.5	0.2	89.0	7.2	0.00	0.00	0.00	0.00	2.83	0.35	2.83	0.35
