Dataset contains 3733 events.
***
pT range		NCohJ 	err 	NIncJ 	err 	NDiss 	err 	NCohP 	err 	NIncP 	err 	sum 	err 	fC 	err 	fD coh	err 	fD inc	err 	fD 	err
(0.000, 2.000) GeV/c	2960.5	58.8	344.6	32.5	194.1	24.3	208.4	4.1	25.4	2.4	3733.1	71.6
(0.200, 2.000) GeV/c	5.9	0.1	274.2	25.8	183.9	23.0	91.5	1.8	20.0	1.9	575.5	34.7	1.28	0.10	19.98	1.56	4.38	0.53	24.36	1.65
(0.200, 1.000) GeV/c	5.9	0.1	271.2	25.5	123.4	15.4	91.5	1.8	19.9	1.9	511.9	30.0	1.48	0.12	23.20	1.81	5.04	0.61	28.23	1.91
(0.200, 0.282) GeV/c	5.8	0.1	54.5	5.1	9.4	1.2	56.6	1.1	4.2	0.4	130.6	5.4	9.14	0.77	88.42	7.49	6.49	0.81	94.91	7.54
(0.282, 0.382) GeV/c	0.0	0.0	67.5	6.4	14.5	1.8	30.4	0.6	5.0	0.5	117.5	6.7	0.01	0.00	37.13	3.08	6.10	0.76	43.22	3.17
(0.382, 0.572) GeV/c	0.0	0.0	89.9	8.5	32.5	4.1	4.5	0.1	6.6	0.6	133.5	9.4	0.00	0.00	3.69	0.29	5.37	0.65	9.06	0.72
(0.572, 1.000) GeV/c	0.0	0.0	59.3	5.6	66.9	8.4	0.0	0.0	4.1	0.4	130.4	10.1	0.00	0.00	0.00	0.00	3.28	0.40	3.28	0.40
