Dataset contains 3733 events.
***
pT range		NCohJ 	err 	NIncJ 	err 	NDiss 	err 	NCohP 	err 	NIncP 	err 	sum 	err 	fC 	err 	fD coh	err 	fD inc	err 	fD 	err
(0.000, 2.000) GeV/c	2943.2	58.9	367.7	33.1	187.9	23.9	207.2	4.1	27.1	2.4	3733.1	71.8
(0.200, 2.000) GeV/c	8.1	0.2	292.6	26.3	178.0	22.6	91.0	1.8	21.4	1.9	591.1	34.8	1.73	0.13	19.34	1.48	4.55	0.53	23.88	1.57
(0.200, 1.000) GeV/c	8.1	0.2	289.4	26.1	119.5	15.2	91.0	1.8	21.2	1.9	529.2	30.3	1.99	0.15	22.26	1.70	5.19	0.60	27.44	1.81
(0.200, 0.282) GeV/c	8.1	0.2	58.2	5.2	9.1	1.2	56.2	1.1	4.4	0.4	136.1	5.5	12.06	0.99	83.52	6.86	6.58	0.79	90.10	6.91
(0.282, 0.382) GeV/c	0.0	0.0	72.0	6.5	14.1	1.8	30.3	0.6	5.3	0.5	121.7	6.8	0.01	0.00	35.17	2.84	6.20	0.74	41.37	2.93
(0.382, 0.572) GeV/c	0.0	0.0	95.9	8.6	31.5	4.0	4.5	0.1	7.0	0.6	138.9	9.5	0.00	0.00	3.52	0.27	5.51	0.64	9.03	0.70
(0.572, 1.000) GeV/c	0.0	0.0	63.2	5.7	64.8	8.2	0.0	0.0	4.4	0.4	132.5	10.0	0.00	0.00	0.00	0.00	3.45	0.41	3.45	0.41
