Dataset contains 3733 events.
***
pT range		NCohJ 	err 	NIncJ 	err 	NDiss 	err 	NCohP 	err 	NIncP 	err 	sum 	err 	fC 	err 	fD coh	err 	fD inc	err 	fD 	err
(0.000, 2.000) GeV/c	2969.8	58.8	332.2	32.1	197.6	24.5	209.1	4.1	24.5	2.4	3733.1	71.5
(0.200, 2.000) GeV/c	9.0	0.2	264.3	25.5	187.1	23.2	91.8	1.8	19.3	1.9	571.6	34.6	1.98	0.16	20.34	1.61	4.28	0.53	24.62	1.69
(0.200, 1.000) GeV/c	9.0	0.2	261.4	25.3	125.6	15.6	91.8	1.8	19.2	1.9	507.0	29.8	2.31	0.18	23.72	1.88	4.95	0.61	28.67	1.98
(0.200, 0.282) GeV/c	8.9	0.2	52.6	5.1	9.6	1.2	56.7	1.1	4.0	0.4	131.9	5.4	14.35	1.24	91.26	7.87	6.44	0.82	97.70	7.91
(0.282, 0.382) GeV/c	0.0	0.0	65.0	6.3	14.8	1.8	30.5	0.6	4.8	0.5	115.2	6.6	0.04	0.00	38.26	3.23	6.04	0.76	44.29	3.32
(0.382, 0.572) GeV/c	0.0	0.0	86.7	8.4	33.1	4.1	4.5	0.1	6.3	0.6	130.6	9.3	0.00	0.00	3.78	0.30	5.30	0.66	9.08	0.72
(0.572, 1.000) GeV/c	0.0	0.0	57.1	5.5	68.1	8.5	0.0	0.0	4.0	0.4	129.3	10.1	0.00	0.00	0.00	0.00	3.19	0.40	3.19	0.40
