Dataset contains 3733 events.
***
pT range		NCohJ 	err 	NIncJ 	err 	NDiss 	err 	NCohP 	err 	NIncP 	err 	sum 	err 	fC 	err 	fD coh	err 	fD inc	err 	fD 	err
(0.000, 2.000) GeV/c	2946.1	58.9	363.9	33.0	188.9	24.0	207.4	4.1	26.8	2.4	3733.1	71.8
(0.200, 2.000) GeV/c	7.7	0.2	289.5	26.3	179.0	22.7	91.1	1.8	21.2	1.9	588.4	34.8	1.64	0.13	19.44	1.49	4.52	0.53	23.96	1.58
(0.200, 1.000) GeV/c	7.7	0.2	286.3	26.0	120.1	15.2	91.1	1.8	21.0	1.9	526.3	30.2	1.89	0.15	22.41	1.72	5.16	0.60	27.57	1.82
(0.200, 0.282) GeV/c	7.7	0.2	57.6	5.2	9.2	1.2	56.3	1.1	4.4	0.4	135.1	5.5	11.51	0.95	84.30	6.96	6.57	0.80	90.87	7.01
(0.282, 0.382) GeV/c	0.0	0.0	71.2	6.5	14.1	1.8	30.3	0.6	5.3	0.5	121.0	6.8	0.01	0.00	35.48	2.88	6.18	0.74	41.66	2.97
(0.382, 0.572) GeV/c	0.0	0.0	94.9	8.6	31.6	4.0	4.5	0.1	6.9	0.6	138.0	9.5	0.00	0.00	3.55	0.28	5.49	0.65	9.04	0.70
(0.572, 1.000) GeV/c	0.0	0.0	62.6	5.7	65.2	8.3	0.0	0.0	4.4	0.4	132.1	10.0	0.00	0.00	0.00	0.00	3.42	0.41	3.43	0.41
