Dataset contains 3733 events.
***
pT range		NCohJ 	err 	NIncJ 	err 	NDiss 	err 	NCohP 	err 	NIncP 	err 	sum 	err 	fC 	err 	fD coh	err 	fD inc	err 	fD 	err
(0.000, 2.000) GeV/c	2966.2	58.8	337.0	32.2	196.3	24.4	208.8	4.1	24.8	2.4	3733.1	71.5
(0.200, 2.000) GeV/c	7.0	0.1	268.2	25.6	185.9	23.1	91.7	1.8	19.6	1.9	572.3	34.6	1.54	0.12	20.20	1.59	4.32	0.53	24.52	1.67
(0.200, 1.000) GeV/c	7.0	0.1	265.2	25.4	124.8	15.5	91.7	1.8	19.4	1.9	508.1	29.9	1.80	0.14	23.52	1.85	4.98	0.61	28.50	1.95
(0.200, 0.282) GeV/c	7.0	0.1	53.3	5.1	9.5	1.2	56.7	1.1	4.1	0.4	130.6	5.4	11.10	0.95	90.14	7.72	6.46	0.82	96.60	7.76
(0.282, 0.382) GeV/c	0.0	0.0	66.0	6.3	14.7	1.8	30.5	0.6	4.9	0.5	116.1	6.6	0.03	0.00	37.81	3.17	6.06	0.76	43.87	3.26
(0.382, 0.572) GeV/c	0.0	0.0	87.9	8.4	32.9	4.1	4.5	0.1	6.4	0.6	131.7	9.4	0.00	0.00	3.74	0.30	5.33	0.66	9.07	0.72
(0.572, 1.000) GeV/c	0.0	0.0	58.0	5.5	67.7	8.4	0.0	0.0	4.0	0.4	129.7	10.1	0.00	0.00	0.00	0.00	3.22	0.40	3.23	0.40
