Dataset contains 3733 events.
***
pT range		NCohJ 	err 	NIncJ 	err 	NDiss 	err 	NCohP 	err 	NIncP 	err 	sum 	err 	fC 	err 	fD coh	err 	fD inc	err 	fD 	err
(0.000, 2.000) GeV/c	2962.5	58.8	342.0	32.4	194.9	24.3	208.6	4.1	25.2	2.4	3733.1	71.6
(0.200, 2.000) GeV/c	6.0	0.1	272.1	25.8	184.5	23.1	91.6	1.8	19.9	1.9	574.2	34.7	1.32	0.10	20.06	1.57	4.36	0.53	24.41	1.66
(0.200, 1.000) GeV/c	6.0	0.1	269.2	25.5	123.9	15.5	91.6	1.8	19.7	1.9	510.4	29.9	1.53	0.12	23.31	1.83	5.02	0.61	28.32	1.93
(0.200, 0.282) GeV/c	6.0	0.1	54.1	5.1	9.5	1.2	56.6	1.1	4.1	0.4	130.4	5.4	9.45	0.80	89.00	7.57	6.48	0.82	95.48	7.61
(0.282, 0.382) GeV/c	0.0	0.0	67.0	6.3	14.6	1.8	30.5	0.6	5.0	0.5	117.0	6.6	0.02	0.00	37.36	3.11	6.08	0.76	43.44	3.20
(0.382, 0.572) GeV/c	0.0	0.0	89.2	8.4	32.6	4.1	4.5	0.1	6.5	0.6	132.9	9.4	0.00	0.00	3.71	0.29	5.36	0.65	9.06	0.72
(0.572, 1.000) GeV/c	0.0	0.0	58.8	5.6	67.2	8.4	0.0	0.0	4.1	0.4	130.1	10.1	0.00	0.00	0.00	0.00	3.26	0.40	3.27	0.40
