Dataset contains 3733 events.
***
pT range		NCohJ 	err 	NIncJ 	err 	NDiss 	err 	NCohP 	err 	NIncP 	err 	sum 	err 	fC 	err 	fD coh	err 	fD inc	err 	fD 	err
(0.000, 2.000) GeV/c	2948.8	58.8	360.3	32.9	189.9	24.0	207.6	4.1	26.6	2.4	3733.1	71.7
(0.200, 2.000) GeV/c	7.2	0.1	286.7	26.2	179.8	22.8	91.2	1.8	21.0	1.9	585.9	34.8	1.55	0.12	19.54	1.50	4.49	0.53	24.04	1.60
(0.200, 1.000) GeV/c	7.2	0.1	283.5	25.9	120.7	15.3	91.2	1.8	20.8	1.9	523.5	30.2	1.79	0.14	22.55	1.74	5.14	0.61	27.69	1.84
(0.200, 0.282) GeV/c	7.2	0.1	57.0	5.2	9.2	1.2	56.3	1.1	4.3	0.4	134.2	5.5	10.92	0.91	85.04	7.06	6.56	0.80	91.60	7.10
(0.282, 0.382) GeV/c	0.0	0.0	70.5	6.4	14.2	1.8	30.3	0.6	5.2	0.5	120.3	6.7	0.01	0.00	35.78	2.91	6.17	0.74	41.95	3.01
(0.382, 0.572) GeV/c	0.0	0.0	94.0	8.6	31.8	4.0	4.5	0.1	6.9	0.6	137.2	9.5	0.00	0.00	3.57	0.28	5.47	0.65	9.04	0.70
(0.572, 1.000) GeV/c	0.0	0.0	62.0	5.7	65.5	8.3	0.0	0.0	4.3	0.4	131.8	10.0	0.00	0.00	0.00	0.00	3.40	0.41	3.40	0.41
