Dataset contains 3733 events.
***
pT range		NCohJ 	err 	NIncJ 	err 	NDiss 	err 	NCohP 	err 	NIncP 	err 	sum 	err 	fC 	err 	fD coh	err 	fD inc	err 	fD 	err
(0.000, 2.000) GeV/c	2964.4	58.8	339.5	32.3	195.6	24.4	208.7	4.1	25.0	2.4	3733.1	71.5
(0.200, 2.000) GeV/c	6.4	0.1	270.1	25.7	185.2	23.1	91.7	1.8	19.7	1.9	573.1	34.7	1.40	0.11	20.13	1.58	4.34	0.53	24.47	1.67
(0.200, 1.000) GeV/c	6.4	0.1	267.2	25.4	124.3	15.5	91.7	1.8	19.6	1.9	509.1	29.9	1.63	0.13	23.41	1.84	5.00	0.61	28.41	1.94
(0.200, 0.282) GeV/c	6.4	0.1	53.7	5.1	9.5	1.2	56.6	1.1	4.1	0.4	130.3	5.4	10.04	0.86	89.57	7.64	6.47	0.82	96.05	7.69
(0.282, 0.382) GeV/c	0.0	0.0	66.5	6.3	14.6	1.8	30.5	0.6	4.9	0.5	116.5	6.6	0.02	0.00	37.59	3.14	6.07	0.76	43.66	3.23
(0.382, 0.572) GeV/c	0.0	0.0	88.6	8.4	32.8	4.1	4.5	0.1	6.5	0.6	132.3	9.4	0.00	0.00	3.73	0.30	5.34	0.65	9.07	0.72
(0.572, 1.000) GeV/c	0.0	0.0	58.4	5.6	67.4	8.4	0.0	0.0	4.1	0.4	129.9	10.1	0.00	0.00	0.00	0.00	3.24	0.40	3.25	0.40
