Dataset contains 3733 events.
***
pT range		NCohJ 	err 	NIncJ 	err 	NDiss 	err 	NCohP 	err 	NIncP 	err 	sum 	err 	fC 	err 	fD coh	err 	fD inc	err 	fD 	err
(0.000, 2.000) GeV/c	2968.0	58.8	334.6	32.2	196.9	24.5	208.9	4.1	24.7	2.4	3733.1	71.5
(0.200, 2.000) GeV/c	7.9	0.2	266.2	25.6	186.5	23.2	91.8	1.8	19.5	1.9	571.8	34.6	1.73	0.14	20.27	1.60	4.30	0.53	24.57	1.68
(0.200, 1.000) GeV/c	7.9	0.2	263.3	25.3	125.2	15.6	91.8	1.8	19.3	1.9	507.4	29.8	2.02	0.16	23.62	1.87	4.97	0.61	28.59	1.96
(0.200, 0.282) GeV/c	7.8	0.2	53.0	5.1	9.6	1.2	56.7	1.1	4.0	0.4	131.1	5.4	12.52	1.08	90.70	7.79	6.45	0.82	97.15	7.84
(0.282, 0.382) GeV/c	0.0	0.0	65.5	6.3	14.7	1.8	30.5	0.6	4.9	0.5	115.7	6.6	0.03	0.00	38.04	3.20	6.05	0.76	44.08	3.29
(0.382, 0.572) GeV/c	0.0	0.0	87.3	8.4	33.0	4.1	4.5	0.1	6.4	0.6	131.2	9.4	0.00	0.00	3.76	0.30	5.31	0.66	9.07	0.72
(0.572, 1.000) GeV/c	0.0	0.0	57.5	5.5	67.9	8.4	0.0	0.0	4.0	0.4	129.5	10.1	0.00	0.00	0.00	0.00	3.20	0.40	3.21	0.40
