Dataset contains 3733 events.
***
pT range		NCohJ 	err 	NIncJ 	err 	NDiss 	err 	NCohP 	err 	NIncP 	err 	sum 	err 	fC 	err 	fD coh	err 	fD inc	err 	fD 	err
(0.000, 2.000) GeV/c	2958.4	58.8	347.4	32.5	193.4	24.2	208.3	4.1	25.6	2.4	3733.1	71.6
(0.200, 2.000) GeV/c	5.9	0.1	276.4	25.9	183.1	23.0	91.5	1.8	20.2	1.9	577.2	34.7	1.29	0.10	19.90	1.55	4.40	0.53	24.30	1.64
(0.200, 1.000) GeV/c	5.9	0.1	273.4	25.6	122.9	15.4	91.5	1.8	20.0	1.9	513.8	30.0	1.49	0.12	23.08	1.80	5.06	0.61	28.13	1.90
(0.200, 0.282) GeV/c	5.9	0.1	55.0	5.2	9.4	1.2	56.5	1.1	4.2	0.4	131.0	5.4	9.16	0.77	87.80	7.41	6.51	0.81	94.30	7.46
(0.282, 0.382) GeV/c	0.0	0.0	68.0	6.4	14.5	1.8	30.4	0.6	5.0	0.5	118.0	6.7	0.01	0.00	36.88	3.05	6.11	0.75	42.99	3.14
(0.382, 0.572) GeV/c	0.0	0.0	90.6	8.5	32.4	4.1	4.5	0.1	6.6	0.6	134.2	9.4	0.00	0.00	3.67	0.29	5.39	0.65	9.06	0.71
(0.572, 1.000) GeV/c	0.0	0.0	59.8	5.6	66.7	8.4	0.0	0.0	4.2	0.4	130.6	10.1	0.00	0.00	0.00	0.00	3.30	0.41	3.31	0.41
