Dataset contains 3733 events.
***
pT range		NCohJ 	err 	NIncJ 	err 	NDiss 	err 	NCohP 	err 	NIncP 	err 	sum 	err 	fC 	err 	fD coh	err 	fD inc	err 	fD 	err
(0.000, 2.000) GeV/c	2956.2	58.8	350.4	32.6	192.5	24.2	208.1	4.1	25.8	2.4	3733.1	71.6
(0.200, 2.000) GeV/c	6.1	0.1	278.8	26.0	182.4	22.9	91.4	1.8	20.4	1.9	579.1	34.7	1.32	0.10	19.82	1.54	4.42	0.53	24.24	1.63
(0.200, 1.000) GeV/c	6.1	0.1	275.8	25.7	122.4	15.4	91.4	1.8	20.2	1.9	515.9	30.0	1.53	0.12	22.96	1.79	5.08	0.61	28.03	1.89
(0.200, 0.282) GeV/c	6.1	0.1	55.5	5.2	9.4	1.2	56.5	1.1	4.2	0.4	131.6	5.4	9.37	0.79	87.14	7.33	6.52	0.81	93.66	7.37
(0.282, 0.382) GeV/c	0.0	0.0	68.6	6.4	14.4	1.8	30.4	0.6	5.1	0.5	118.5	6.7	0.01	0.00	36.62	3.02	6.12	0.75	42.74	3.11
(0.382, 0.572) GeV/c	0.0	0.0	91.4	8.5	32.2	4.1	4.5	0.1	6.7	0.6	134.9	9.4	0.00	0.00	3.64	0.29	5.41	0.65	9.05	0.71
(0.572, 1.000) GeV/c	0.0	0.0	60.3	5.6	66.4	8.3	0.0	0.0	4.2	0.4	130.9	10.1	0.00	0.00	0.00	0.00	3.32	0.41	3.33	0.41
