Dataset contains 3737 events.
***
pT range		NCohJ 	err 	NIncJ 	err 	NDiss 	err 	NCohP 	err 	NIncP 	err 	sum 	err 	fC 	err 	fD coh	err 	fD inc	err 	fD 	err
(0.000, 2.000) GeV/c	2964.2	58.9	344.0	32.4	195.0	24.1	208.7	4.1	25.4	2.4	3737.3	71.6
(0.200, 2.000) GeV/c	9.1	0.2	274.3	25.9	184.7	22.8	91.7	1.8	20.0	1.9	579.8	34.6	1.97	0.15	19.98	1.55	4.36	0.53	24.34	1.64
(0.200, 1.000) GeV/c	9.1	0.2	271.4	25.6	124.0	15.3	91.7	1.8	19.9	1.9	516.0	29.9	2.29	0.18	23.20	1.81	5.02	0.61	28.22	1.91
(0.200, 0.265) GeV/c	8.9	0.2	43.2	4.1	7.3	0.9	47.2	0.9	3.3	0.3	110.0	4.3	17.72	1.50	93.49	7.94	6.53	0.82	100.02	7.98
(0.265, 0.336) GeV/c	0.1	0.0	49.1	4.6	9.7	1.2	31.1	0.6	3.7	0.4	93.8	4.8	0.18	0.02	52.98	4.44	6.38	0.79	59.36	4.51
(0.336, 0.453) GeV/c	0.0	0.0	69.4	6.5	18.9	2.3	12.4	0.2	5.1	0.5	105.8	7.0	0.00	0.00	14.09	1.14	5.77	0.71	19.85	1.35
(0.453, 0.659) GeV/c	0.0	0.0	75.0	7.1	36.2	4.5	0.9	0.0	5.5	0.5	117.6	8.4	0.00	0.00	0.84	0.07	4.92	0.59	5.77	0.60
(0.659, 1.000) GeV/c	0.0	0.0	34.8	3.3	51.9	6.4	0.0	0.0	2.2	0.2	88.9	7.2	0.00	0.00	0.00	0.00	2.58	0.32	2.58	0.32
