Dataset contains 3737 events.
***
pT range		NCohJ 	err 	NIncJ 	err 	NDiss 	err 	NCohP 	err 	NIncP 	err 	sum 	err 	fC 	err 	fD coh	err 	fD inc	err 	fD 	err
(0.000, 2.000) GeV/c	2982.1	59.1	347.8	32.0	194.5	24.1	187.0	3.7	26.1	2.4	3737.5	71.5
(0.200, 2.000) GeV/c	9.0	0.2	277.3	25.5	184.2	22.8	82.2	1.6	20.6	1.9	573.3	34.3	1.96	0.15	17.81	1.37	4.47	0.53	22.27	1.47
(0.200, 1.000) GeV/c	9.0	0.2	274.4	25.3	123.6	15.3	82.2	1.6	20.5	1.9	509.7	29.7	2.27	0.17	20.65	1.59	5.14	0.61	25.79	1.70
(0.200, 0.265) GeV/c	8.9	0.2	43.6	4.0	7.3	0.9	42.3	0.8	3.4	0.3	105.6	4.2	17.53	1.46	83.03	6.91	6.67	0.82	89.70	6.96
(0.265, 0.336) GeV/c	0.1	0.0	49.6	4.6	9.7	1.2	27.9	0.6	3.9	0.4	91.1	4.8	0.18	0.01	47.06	3.86	6.51	0.79	53.58	3.95
(0.336, 0.453) GeV/c	0.0	0.0	70.1	6.5	18.8	2.3	11.1	0.2	5.2	0.5	105.3	6.9	0.00	0.00	12.52	1.00	5.89	0.71	18.42	1.22
(0.453, 0.659) GeV/c	0.0	0.0	75.8	7.0	36.1	4.5	0.8	0.0	5.6	0.5	118.4	8.3	0.00	0.00	0.75	0.06	5.04	0.60	5.79	0.60
(0.659, 1.000) GeV/c	0.0	0.0	35.2	3.2	51.7	6.4	0.0	0.0	2.3	0.2	89.2	7.2	0.00	0.00	0.00	0.00	2.65	0.33	2.65	0.33
