Dataset contains 3737 events.
***
pT range		NCohJ 	err 	NIncJ 	err 	NDiss 	err 	NCohP 	err 	NIncP 	err 	sum 	err 	fC 	err 	fD coh	err 	fD inc	err 	fD 	err
(0.000, 2.000) GeV/c	2976.8	59.1	355.0	32.5	192.5	24.1	186.6	3.7	26.7	2.4	3737.6	71.8
(0.200, 2.000) GeV/c	9.1	0.2	283.1	25.9	182.3	22.8	82.0	1.6	21.0	1.9	577.5	34.6	1.95	0.15	17.63	1.35	4.52	0.53	22.15	1.45
(0.200, 1.000) GeV/c	9.1	0.2	280.1	25.6	122.4	15.3	82.0	1.6	20.9	1.9	514.4	29.9	2.26	0.17	20.38	1.56	5.19	0.61	25.57	1.68
(0.200, 0.265) GeV/c	9.0	0.2	44.5	4.1	7.2	0.9	42.2	0.8	3.5	0.3	106.5	4.3	17.32	1.44	81.55	6.77	6.70	0.82	88.25	6.82
(0.265, 0.336) GeV/c	0.1	0.0	50.7	4.6	9.6	1.2	27.8	0.6	3.9	0.4	92.1	4.8	0.18	0.01	46.25	3.79	6.55	0.79	52.80	3.87
(0.336, 0.453) GeV/c	0.0	0.0	71.6	6.5	18.6	2.3	11.1	0.2	5.4	0.5	106.7	7.0	0.00	0.00	12.32	0.98	5.93	0.71	18.26	1.21
(0.453, 0.659) GeV/c	0.0	0.0	77.4	7.1	35.7	4.5	0.8	0.0	5.8	0.5	119.7	8.4	0.00	0.00	0.74	0.06	5.09	0.60	5.83	0.60
(0.659, 1.000) GeV/c	0.0	0.0	35.9	3.3	51.2	6.4	0.0	0.0	2.4	0.2	89.5	7.2	0.00	0.00	0.00	0.00	2.70	0.33	2.70	0.33
