Dataset contains 3737 events.
***
pT range		NCohJ 	err 	NIncJ 	err 	NDiss 	err 	NCohP 	err 	NIncP 	err 	sum 	err 	fC 	err 	fD coh	err 	fD inc	err 	fD 	err
(0.000, 2.000) GeV/c	2970.2	58.8	335.9	32.1	197.3	24.2	209.1	4.1	24.8	2.4	3737.3	71.5
(0.200, 2.000) GeV/c	9.0	0.2	267.8	25.6	186.9	23.0	91.9	1.8	19.5	1.9	575.2	34.5	1.99	0.16	20.21	1.58	4.30	0.52	24.51	1.66
(0.200, 1.000) GeV/c	9.0	0.2	265.0	25.3	125.4	15.4	91.9	1.8	19.4	1.9	510.8	29.8	2.31	0.18	23.54	1.85	4.96	0.61	28.50	1.94
(0.200, 0.265) GeV/c	8.9	0.2	42.1	4.0	7.4	0.9	47.3	0.9	3.2	0.3	109.0	4.3	18.00	1.54	95.44	8.18	6.50	0.82	101.94	8.22
(0.265, 0.336) GeV/c	0.1	0.0	47.9	4.6	9.8	1.2	31.2	0.6	3.7	0.3	92.7	4.8	0.18	0.02	54.05	4.56	6.34	0.80	60.39	4.63
(0.336, 0.453) GeV/c	0.0	0.0	67.7	6.5	19.1	2.3	12.5	0.2	5.0	0.5	104.2	6.9	0.00	0.00	14.35	1.17	5.72	0.71	20.07	1.37
(0.453, 0.659) GeV/c	0.0	0.0	73.2	7.0	36.6	4.5	0.9	0.0	5.3	0.5	116.1	8.3	0.00	0.00	0.86	0.07	4.87	0.59	5.72	0.60
(0.659, 1.000) GeV/c	0.0	0.0	34.0	3.2	52.5	6.4	0.0	0.0	2.2	0.2	88.7	7.2	0.00	0.00	0.00	0.00	2.53	0.32	2.53	0.32
