Dataset contains 3737 events.
***
pT range		NCohJ 	err 	NIncJ 	err 	NDiss 	err 	NCohP 	err 	NIncP 	err 	sum 	err 	fC 	err 	fD coh	err 	fD inc	err 	fD 	err
(0.000, 2.000) GeV/c	2965.6	58.9	342.2	32.4	195.6	24.1	208.8	4.1	25.2	2.4	3737.3	71.6
(0.200, 2.000) GeV/c	9.1	0.2	272.8	25.8	185.2	22.9	91.8	1.8	19.9	1.9	578.7	34.6	1.98	0.15	20.03	1.56	4.34	0.53	24.38	1.65
(0.200, 1.000) GeV/c	9.1	0.2	269.9	25.5	124.3	15.3	91.8	1.8	19.7	1.9	514.8	29.9	2.30	0.18	23.27	1.82	5.01	0.61	28.28	1.92
(0.200, 0.265) GeV/c	8.9	0.2	42.9	4.1	7.4	0.9	47.2	0.9	3.3	0.3	109.8	4.3	17.79	1.51	93.94	8.00	6.53	0.82	100.46	8.04
(0.265, 0.336) GeV/c	0.1	0.0	48.8	4.6	9.7	1.2	31.1	0.6	3.7	0.4	93.5	4.8	0.18	0.02	53.22	4.47	6.37	0.80	59.59	4.54
(0.336, 0.453) GeV/c	0.0	0.0	69.0	6.5	18.9	2.3	12.4	0.2	5.1	0.5	105.4	7.0	0.00	0.00	14.15	1.15	5.76	0.71	19.90	1.35
(0.453, 0.659) GeV/c	0.0	0.0	74.6	7.1	36.3	4.5	0.9	0.0	5.4	0.5	117.3	8.4	0.00	0.00	0.85	0.07	4.91	0.59	5.76	0.60
(0.659, 1.000) GeV/c	0.0	0.0	34.6	3.3	52.0	6.4	0.0	0.0	2.2	0.2	88.9	7.2	0.00	0.00	0.00	0.00	2.57	0.32	2.57	0.32
