Dataset contains 3737 events.
***
pT range		NCohJ 	err 	NIncJ 	err 	NDiss 	err 	NCohP 	err 	NIncP 	err 	sum 	err 	fC 	err 	fD coh	err 	fD inc	err 	fD 	err
(0.000, 2.000) GeV/c	2968.1	58.9	338.8	32.2	196.5	24.2	209.0	4.1	25.0	2.4	3737.3	71.5
(0.200, 2.000) GeV/c	9.0	0.2	270.1	25.7	186.1	22.9	91.8	1.8	19.7	1.9	576.8	34.5	1.98	0.15	20.13	1.57	4.32	0.52	24.45	1.66
(0.200, 1.000) GeV/c	9.0	0.2	267.3	25.4	124.9	15.4	91.8	1.8	19.5	1.9	512.6	29.8	2.31	0.18	23.42	1.83	4.98	0.61	28.40	1.93
(0.200, 0.265) GeV/c	8.9	0.2	42.5	4.0	7.4	0.9	47.3	0.9	3.2	0.3	109.4	4.3	17.91	1.53	94.75	8.09	6.51	0.82	101.26	8.14
(0.265, 0.336) GeV/c	0.1	0.0	48.3	4.6	9.8	1.2	31.2	0.6	3.7	0.4	93.1	4.8	0.18	0.02	53.67	4.52	6.35	0.80	60.02	4.59
(0.336, 0.453) GeV/c	0.0	0.0	68.3	6.5	19.0	2.3	12.4	0.2	5.0	0.5	104.8	6.9	0.00	0.00	14.25	1.16	5.74	0.71	19.99	1.36
(0.453, 0.659) GeV/c	0.0	0.0	73.8	7.0	36.5	4.5	0.9	0.0	5.4	0.5	116.7	8.4	0.00	0.00	0.85	0.07	4.89	0.59	5.74	0.60
(0.659, 1.000) GeV/c	0.0	0.0	34.3	3.3	52.3	6.4	0.0	0.0	2.2	0.2	88.8	7.2	0.00	0.00	0.00	0.00	2.55	0.32	2.55	0.32
