Dataset contains 3737 events.
***
pT range		NCohJ 	err 	NIncJ 	err 	NDiss 	err 	NCohP 	err 	NIncP 	err 	sum 	err 	fC 	err 	fD coh	err 	fD inc	err 	fD 	err
(0.000, 2.000) GeV/c	2962.6	58.9	346.1	32.5	194.5	24.1	208.6	4.1	25.5	2.4	3737.3	71.6
(0.200, 2.000) GeV/c	9.1	0.2	276.0	25.9	184.2	22.8	91.7	1.8	20.1	1.9	581.0	34.6	1.97	0.15	19.92	1.55	4.37	0.53	24.30	1.63
(0.200, 1.000) GeV/c	9.1	0.2	273.0	25.7	123.6	15.3	91.7	1.8	20.0	1.9	517.4	30.0	2.28	0.18	23.11	1.80	5.03	0.61	28.14	1.90
(0.200, 0.265) GeV/c	9.0	0.2	43.4	4.1	7.3	0.9	47.2	0.9	3.3	0.3	110.2	4.3	17.64	1.49	93.00	7.88	6.54	0.82	99.54	7.92
(0.265, 0.336) GeV/c	0.1	0.0	49.4	4.6	9.7	1.2	31.1	0.6	3.8	0.4	94.0	4.8	0.18	0.01	52.71	4.40	6.39	0.79	59.10	4.48
(0.336, 0.453) GeV/c	0.0	0.0	69.8	6.6	18.8	2.3	12.4	0.2	5.1	0.5	106.1	7.0	0.00	0.00	14.02	1.14	5.78	0.71	19.80	1.34
(0.453, 0.659) GeV/c	0.0	0.0	75.4	7.1	36.1	4.5	0.9	0.0	5.5	0.5	118.0	8.4	0.00	0.00	0.84	0.07	4.94	0.59	5.78	0.60
(0.659, 1.000) GeV/c	0.0	0.0	35.0	3.3	51.7	6.4	0.0	0.0	2.3	0.2	89.0	7.2	0.00	0.00	0.00	0.00	2.60	0.33	2.60	0.33
