Dataset contains 3737 events.
***
pT range		NCohJ 	err 	NIncJ 	err 	NDiss 	err 	NCohP 	err 	NIncP 	err 	sum 	err 	fC 	err 	fD coh	err 	fD inc	err 	fD 	err
(0.000, 2.000) GeV/c	2981.1	59.1	349.2	32.1	194.1	24.1	186.9	3.7	26.2	2.4	3737.5	71.6
(0.200, 2.000) GeV/c	9.0	0.2	278.4	25.6	183.8	22.8	82.2	1.6	20.7	1.9	574.1	34.4	1.96	0.15	17.77	1.36	4.48	0.53	22.25	1.46
(0.200, 1.000) GeV/c	9.0	0.2	275.4	25.3	123.4	15.3	82.2	1.6	20.5	1.9	510.6	29.7	2.27	0.17	20.60	1.58	5.15	0.61	25.74	1.69
(0.200, 0.265) GeV/c	8.9	0.2	43.8	4.0	7.3	0.9	42.3	0.8	3.4	0.3	105.8	4.2	17.50	1.45	82.75	6.88	6.68	0.82	89.42	6.93
(0.265, 0.336) GeV/c	0.1	0.0	49.8	4.6	9.6	1.2	27.9	0.6	3.9	0.4	91.3	4.8	0.18	0.01	46.91	3.85	6.52	0.79	53.43	3.93
(0.336, 0.453) GeV/c	0.0	0.0	70.4	6.5	18.8	2.3	11.1	0.2	5.3	0.5	105.6	6.9	0.00	0.00	12.48	0.99	5.90	0.71	18.39	1.22
(0.453, 0.659) GeV/c	0.0	0.0	76.1	7.0	36.0	4.5	0.8	0.0	5.7	0.5	118.6	8.3	0.00	0.00	0.75	0.06	5.05	0.60	5.80	0.60
(0.659, 1.000) GeV/c	0.0	0.0	35.3	3.2	51.7	6.4	0.0	0.0	2.3	0.2	89.3	7.2	0.00	0.00	0.00	0.00	2.66	0.33	2.66	0.33
