Dataset contains 3737 events.
***
pT range		NCohJ 	err 	NIncJ 	err 	NDiss 	err 	NCohP 	err 	NIncP 	err 	sum 	err 	fC 	err 	fD coh	err 	fD inc	err 	fD 	err
(0.000, 2.000) GeV/c	2983.0	59.1	346.6	32.0	194.8	24.1	187.0	3.7	26.0	2.4	3737.5	71.5
(0.200, 2.000) GeV/c	9.0	0.2	276.3	25.5	184.5	22.8	82.2	1.6	20.5	1.9	572.6	34.3	1.96	0.15	17.84	1.37	4.46	0.53	22.30	1.47
(0.200, 1.000) GeV/c	9.0	0.2	273.4	25.2	123.9	15.3	82.2	1.6	20.4	1.9	508.9	29.6	2.27	0.17	20.69	1.59	5.13	0.61	25.82	1.70
(0.200, 0.265) GeV/c	8.9	0.2	43.5	4.0	7.3	0.9	42.3	0.8	3.4	0.3	105.4	4.2	17.55	1.46	83.28	6.94	6.67	0.82	89.95	6.99
(0.265, 0.336) GeV/c	0.1	0.0	49.4	4.6	9.7	1.2	27.9	0.6	3.8	0.4	91.0	4.8	0.18	0.01	47.20	3.88	6.51	0.79	53.71	3.96
(0.336, 0.453) GeV/c	0.0	0.0	69.9	6.4	18.8	2.3	11.1	0.2	5.2	0.5	105.1	6.9	0.00	0.00	12.56	1.00	5.89	0.71	18.44	1.23
(0.453, 0.659) GeV/c	0.0	0.0	75.5	7.0	36.2	4.5	0.8	0.0	5.6	0.5	118.2	8.3	0.00	0.00	0.75	0.06	5.03	0.60	5.78	0.60
(0.659, 1.000) GeV/c	0.0	0.0	35.0	3.2	51.8	6.4	0.0	0.0	2.3	0.2	89.2	7.2	0.00	0.00	0.00	0.00	2.65	0.33	2.65	0.33
