Dataset contains 3737 events.
***
pT range		NCohJ 	err 	NIncJ 	err 	NDiss 	err 	NCohP 	err 	NIncP 	err 	sum 	err 	fC 	err 	fD coh	err 	fD inc	err 	fD 	err
(0.000, 2.000) GeV/c	2970.8	59.2	363.1	32.8	190.4	23.9	186.3	3.7	27.3	2.5	3737.7	71.9
(0.200, 2.000) GeV/c	9.1	0.2	289.5	26.1	180.3	22.7	81.9	1.6	21.5	1.9	582.2	34.7	1.93	0.15	17.43	1.33	4.58	0.53	22.01	1.43
(0.200, 1.000) GeV/c	9.1	0.2	286.4	25.8	121.0	15.2	81.9	1.6	21.3	1.9	519.7	30.1	2.23	0.17	20.09	1.53	5.24	0.61	25.33	1.65
(0.200, 0.265) GeV/c	9.0	0.2	45.6	4.1	7.2	0.9	42.1	0.8	3.5	0.3	107.4	4.3	17.04	1.40	79.95	6.58	6.73	0.81	86.68	6.63
(0.265, 0.336) GeV/c	0.1	0.0	51.8	4.7	9.4	1.2	27.8	0.6	4.0	0.4	93.2	4.9	0.17	0.01	45.37	3.69	6.58	0.79	51.95	3.77
(0.336, 0.453) GeV/c	0.0	0.0	73.2	6.6	18.4	2.3	11.1	0.2	5.5	0.5	108.2	7.0	0.00	0.00	12.11	0.96	5.97	0.71	18.08	1.19
(0.453, 0.659) GeV/c	0.0	0.0	79.1	7.1	35.3	4.4	0.8	0.0	5.9	0.5	121.2	8.4	0.00	0.00	0.73	0.06	5.14	0.60	5.87	0.60
(0.659, 1.000) GeV/c	0.0	0.0	36.7	3.3	50.7	6.4	0.0	0.0	2.4	0.2	89.8	7.2	0.00	0.00	0.00	0.00	2.76	0.34	2.76	0.34
