Dataset contains 3737 events.
***
pT range		NCohJ 	err 	NIncJ 	err 	NDiss 	err 	NCohP 	err 	NIncP 	err 	sum 	err 	fC 	err 	fD coh	err 	fD inc	err 	fD 	err
(0.000, 2.000) GeV/c	2969.2	58.9	337.3	32.2	196.9	24.2	209.0	4.1	24.9	2.4	3737.3	71.5
(0.200, 2.000) GeV/c	9.0	0.2	269.0	25.7	186.5	22.9	91.9	1.8	19.6	1.9	576.0	34.5	1.98	0.15	20.17	1.58	4.31	0.52	24.48	1.66
(0.200, 1.000) GeV/c	9.0	0.2	266.1	25.4	125.2	15.4	91.9	1.8	19.5	1.9	511.7	29.8	2.31	0.18	23.48	1.84	4.97	0.61	28.45	1.94
(0.200, 0.265) GeV/c	8.9	0.2	42.3	4.0	7.4	0.9	47.3	0.9	3.2	0.3	109.2	4.3	17.96	1.54	95.10	8.14	6.51	0.82	101.61	8.18
(0.265, 0.336) GeV/c	0.1	0.0	48.1	4.6	9.8	1.2	31.2	0.6	3.7	0.4	92.9	4.8	0.18	0.02	53.86	4.54	6.35	0.80	60.21	4.61
(0.336, 0.453) GeV/c	0.0	0.0	68.0	6.5	19.1	2.3	12.5	0.2	5.0	0.5	104.5	6.9	0.00	0.00	14.30	1.17	5.73	0.71	20.03	1.37
(0.453, 0.659) GeV/c	0.0	0.0	73.5	7.0	36.6	4.5	0.9	0.0	5.4	0.5	116.4	8.3	0.00	0.00	0.85	0.07	4.88	0.59	5.73	0.60
(0.659, 1.000) GeV/c	0.0	0.0	34.1	3.3	52.4	6.4	0.0	0.0	2.2	0.2	88.7	7.2	0.00	0.00	0.00	0.00	2.54	0.32	2.54	0.32
