Dataset contains 3737 events.
***
pT range		NCohJ 	err 	NIncJ 	err 	NDiss 	err 	NCohP 	err 	NIncP 	err 	sum 	err 	fC 	err 	fD coh	err 	fD inc	err 	fD 	err
(0.000, 2.000) GeV/c	2966.9	59.2	368.2	32.9	189.0	23.8	186.0	3.7	27.7	2.5	3737.8	72.0
(0.200, 2.000) GeV/c	9.1	0.2	293.6	26.3	179.0	22.6	81.8	1.6	21.8	2.0	585.3	34.7	1.92	0.15	17.30	1.31	4.62	0.53	21.92	1.42
(0.200, 1.000) GeV/c	9.1	0.2	290.5	26.0	120.2	15.2	81.8	1.6	21.7	1.9	523.1	30.2	2.21	0.17	19.91	1.51	5.27	0.61	25.18	1.63
(0.200, 0.265) GeV/c	9.0	0.2	46.2	4.1	7.1	0.9	42.1	0.8	3.6	0.3	108.0	4.3	16.85	1.38	78.95	6.46	6.75	0.81	85.70	6.51
(0.265, 0.336) GeV/c	0.1	0.0	52.5	4.7	9.4	1.2	27.8	0.6	4.1	0.4	93.9	4.9	0.17	0.01	44.82	3.62	6.60	0.78	51.43	3.70
(0.336, 0.453) GeV/c	0.0	0.0	74.2	6.6	18.3	2.3	11.1	0.2	5.6	0.5	109.2	7.1	0.00	0.00	11.97	0.94	6.00	0.70	17.97	1.18
(0.453, 0.659) GeV/c	0.0	0.0	80.3	7.2	35.1	4.4	0.8	0.0	6.0	0.5	122.2	8.5	0.00	0.00	0.72	0.05	5.18	0.60	5.90	0.60
(0.659, 1.000) GeV/c	0.0	0.0	37.2	3.3	50.3	6.3	0.0	0.0	2.4	0.2	90.0	7.2	0.00	0.00	0.00	0.00	2.79	0.34	2.79	0.34
