Dataset contains 3737 events.
***
pT range		NCohJ 	err 	NIncJ 	err 	NDiss 	err 	NCohP 	err 	NIncP 	err 	sum 	err 	fC 	err 	fD coh	err 	fD inc	err 	fD 	err
(0.000, 2.000) GeV/c	2959.2	58.9	350.7	32.7	193.2	24.0	208.3	4.1	25.8	2.4	3737.3	71.7
(0.200, 2.000) GeV/c	9.1	0.2	279.6	26.1	183.0	22.7	91.6	1.8	20.4	1.9	583.6	34.7	1.96	0.15	19.79	1.53	4.41	0.53	24.20	1.62
(0.200, 1.000) GeV/c	9.1	0.2	276.7	25.8	122.8	15.3	91.6	1.8	20.2	1.9	520.4	30.1	2.27	0.18	22.92	1.78	5.07	0.61	27.98	1.88
(0.200, 0.265) GeV/c	9.0	0.2	44.0	4.1	7.3	0.9	47.1	0.9	3.4	0.3	110.7	4.3	17.46	1.47	91.93	7.75	6.56	0.81	98.49	7.79
(0.265, 0.336) GeV/c	0.1	0.0	50.0	4.7	9.6	1.2	31.1	0.6	3.8	0.4	94.6	4.9	0.18	0.01	52.12	4.33	6.41	0.79	58.53	4.41
(0.336, 0.453) GeV/c	0.0	0.0	70.7	6.6	18.7	2.3	12.4	0.2	5.2	0.5	107.0	7.0	0.00	0.00	13.88	1.12	5.80	0.71	19.68	1.32
(0.453, 0.659) GeV/c	0.0	0.0	76.4	7.1	35.9	4.5	0.9	0.0	5.6	0.5	118.8	8.4	0.00	0.00	0.83	0.06	4.97	0.59	5.80	0.60
(0.659, 1.000) GeV/c	0.0	0.0	35.5	3.3	51.4	6.4	0.0	0.0	2.3	0.2	89.2	7.2	0.00	0.00	0.00	0.00	2.63	0.33	2.63	0.33
