Dataset contains 3734 events.
***
pT range		NCohJ 	err 	NIncJ 	err 	NDiss 	err 	NCohP 	err 	NIncP 	err 	sum 	err 	fC 	err 	fD coh	err 	fD inc	err 	fD 	err
(0.000, 2.000) GeV/c	2939.8	58.9	373.2	33.5	186.7	23.8	207.0	4.1	27.5	2.5	3734.1	72.0
(0.200, 2.000) GeV/c	12.8	0.3	297.5	26.7	176.8	22.6	91.0	1.8	21.7	1.9	599.8	35.1	2.70	0.21	19.18	1.47	4.58	0.53	23.75	1.56
(0.200, 1.000) GeV/c	18.0	0.4	294.4	26.4	118.7	15.1	91.0	1.8	21.5	1.9	543.6	30.6	4.37	0.33	22.02	1.68	5.21	0.61	27.23	1.79
(0.200, 0.282) GeV/c	9.0	0.2	59.6	5.4	9.1	1.2	56.4	1.1	4.6	0.4	138.6	5.6	13.13	1.08	82.12	6.75	6.66	0.80	88.78	6.80
(0.282, 0.381) GeV/c	2.9	0.1	72.4	6.5	13.8	1.8	30.0	0.6	5.4	0.5	124.5	6.8	3.38	0.27	34.85	2.81	6.27	0.75	41.12	2.91
(0.381, 0.571) GeV/c	0.8	0.0	98.0	8.8	31.2	4.0	4.5	0.1	7.2	0.6	141.7	9.7	0.59	0.05	3.50	0.27	5.55	0.65	9.05	0.70
(0.571, 1.000) GeV/c	0.1	0.0	64.4	5.8	64.5	8.2	0.0	0.0	4.4	0.4	133.5	10.1	0.08	0.01	0.00	0.00	3.40	0.40	3.40	0.40
