Dataset contains 3734 events.
***
pT range		NCohJ 	err 	NIncJ 	err 	NDiss 	err 	NCohP 	err 	NIncP 	err 	sum 	err 	fC 	err 	fD coh	err 	fD inc	err 	fD 	err
(0.000, 2.000) GeV/c	2970.5	58.8	331.7	32.0	198.3	24.5	209.1	4.1	24.4	2.4	3734.1	71.5
(0.200, 2.000) GeV/c	9.0	0.2	264.5	25.5	187.8	23.2	91.9	1.8	19.3	1.9	572.4	34.6	1.99	0.16	20.32	1.60	4.27	0.52	24.59	1.69
(0.200, 1.000) GeV/c	9.0	0.2	261.7	25.3	126.1	15.6	91.9	1.8	19.1	1.8	507.8	29.8	2.32	0.18	23.71	1.87	4.94	0.61	28.64	1.97
(0.200, 0.282) GeV/c	8.9	0.2	53.0	5.1	9.6	1.2	57.0	1.1	4.1	0.4	132.6	5.4	14.29	1.23	91.01	7.84	6.49	0.83	97.50	7.89
(0.282, 0.381) GeV/c	0.0	0.0	64.3	6.2	14.7	1.8	30.4	0.6	4.8	0.5	114.2	6.5	0.05	0.00	38.41	3.24	6.08	0.77	44.49	3.33
(0.381, 0.571) GeV/c	0.0	0.0	87.1	8.4	33.2	4.1	4.6	0.1	6.4	0.6	131.2	9.4	0.00	0.00	3.81	0.31	5.30	0.66	9.10	0.72
(0.571, 1.000) GeV/c	0.0	0.0	57.3	5.5	68.6	8.5	0.0	0.0	3.9	0.4	129.7	10.1	0.00	0.00	0.00	0.00	3.10	0.39	3.10	0.39
