Dataset contains 3734 events.
***
pT range		NCohJ 	err 	NIncJ 	err 	NDiss 	err 	NCohP 	err 	NIncP 	err 	sum 	err 	fC 	err 	fD coh	err 	fD inc	err 	fD 	err
(0.000, 2.000) GeV/c	2920.8	58.7	398.9	33.5	181.1	23.4	205.5	4.1	29.4	2.5	3735.7	71.7
(0.200, 2.000) GeV/c	0.0	0.0	318.0	26.7	171.5	22.2	90.3	1.8	23.2	1.9	603.1	34.8	0.01	0.00	18.45	1.36	4.74	0.52	23.19	1.46
(0.200, 1.000) GeV/c	0.0	0.0	314.7	26.4	115.1	14.9	90.3	1.8	23.0	1.9	543.2	30.4	0.01	0.00	21.02	1.54	5.36	0.59	26.37	1.65
(0.200, 0.282) GeV/c	0.0	0.0	63.7	5.3	8.8	1.1	56.0	1.1	4.9	0.4	133.4	5.6	0.02	0.00	77.23	6.02	6.74	0.76	83.97	6.07
(0.282, 0.381) GeV/c	0.0	0.0	77.4	6.5	13.4	1.7	29.8	0.6	5.8	0.5	126.4	6.8	0.00	0.00	32.86	2.52	6.36	0.71	39.23	2.62
(0.381, 0.571) GeV/c	0.0	0.0	104.7	8.8	30.3	3.9	4.5	0.1	7.7	0.6	147.2	9.6	0.00	0.00	3.33	0.25	5.67	0.62	9.01	0.67
(0.571, 1.000) GeV/c	0.0	0.0	68.9	5.8	62.6	8.1	0.0	0.0	4.7	0.4	136.2	10.0	0.00	0.00	0.00	0.00	3.57	0.40	3.57	0.40
