Dataset contains 3734 events.
***
pT range		NCohJ 	err 	NIncJ 	err 	NDiss 	err 	NCohP 	err 	NIncP 	err 	sum 	err 	fC 	err 	fD coh	err 	fD inc	err 	fD 	err
(0.000, 2.000) GeV/c	2956.4	58.8	350.7	32.6	193.0	24.2	208.1	4.1	25.8	2.4	3734.1	71.6
(0.200, 2.000) GeV/c	9.1	0.2	279.5	26.0	182.8	22.9	91.3	1.8	20.4	1.9	583.1	34.7	1.96	0.15	19.74	1.53	4.42	0.53	24.16	1.62
(0.200, 1.000) GeV/c	9.1	0.2	276.6	25.7	122.7	15.4	91.3	1.8	20.3	1.9	519.9	30.0	2.27	0.18	22.85	1.77	5.07	0.61	27.93	1.87
(0.200, 0.282) GeV/c	9.0	0.2	56.0	5.2	9.4	1.2	57.0	1.1	4.2	0.4	135.7	5.5	13.79	1.16	87.26	7.32	6.45	0.80	93.71	7.37
(0.282, 0.381) GeV/c	0.0	0.0	68.0	6.3	14.3	1.8	29.8	0.6	5.0	0.5	117.2	6.6	0.05	0.00	36.17	2.97	6.08	0.74	42.25	3.06
(0.381, 0.571) GeV/c	0.0	0.0	92.0	8.5	32.3	4.0	4.4	0.1	6.8	0.6	135.6	9.5	0.00	0.00	3.56	0.28	5.45	0.65	9.01	0.71
(0.571, 1.000) GeV/c	0.0	0.0	60.5	5.6	66.7	8.4	0.0	0.0	4.3	0.4	131.5	10.1	0.00	0.00	0.00	0.00	3.34	0.41	3.34	0.41
