Dataset contains 3734 events.
***
pT range		NCohJ 	err 	NIncJ 	err 	NDiss 	err 	NCohP 	err 	NIncP 	err 	sum 	err 	fC 	err 	fD coh	err 	fD inc	err 	fD 	err
(0.000, 2.000) GeV/c	2956.3	58.8	350.9	32.6	193.0	24.2	208.1	4.1	25.9	2.4	3734.1	71.6
(0.200, 2.000) GeV/c	6.5	0.1	279.7	26.0	182.8	22.9	91.3	1.8	20.4	1.9	580.7	34.7	1.42	0.11	19.73	1.53	4.42	0.53	24.15	1.62
(0.200, 1.000) GeV/c	6.5	0.1	276.7	25.7	122.7	15.4	91.3	1.8	20.3	1.9	517.5	30.0	1.64	0.13	22.85	1.77	5.07	0.61	27.92	1.87
(0.200, 0.282) GeV/c	6.5	0.1	56.0	5.2	9.4	1.2	57.0	1.1	4.2	0.4	133.2	5.5	9.98	0.84	87.22	7.32	6.45	0.80	93.67	7.36
(0.282, 0.381) GeV/c	0.0	0.0	68.1	6.3	14.3	1.8	29.8	0.6	5.0	0.5	117.2	6.6	0.03	0.00	36.16	2.97	6.08	0.74	42.24	3.06
(0.381, 0.571) GeV/c	0.0	0.0	92.1	8.5	32.3	4.0	4.4	0.1	6.8	0.6	135.6	9.5	0.00	0.00	3.56	0.28	5.45	0.65	9.01	0.71
(0.571, 1.000) GeV/c	0.0	0.0	60.5	5.6	66.7	8.4	0.0	0.0	4.3	0.4	131.5	10.1	0.00	0.00	0.00	0.00	3.35	0.41	3.35	0.41
