Dataset contains 3733 events.
***
pT range		NCohJ 	err 	NIncJ 	err 	NDiss 	err 	NCohP 	err 	NIncP 	err 	sum 	err 	fC 	err 	fD coh	err 	fD inc	err 	fD 	err
(0.000, 2.000) GeV/c	2969.3	58.8	332.8	32.1	197.4	24.5	209.0	4.1	24.5	2.4	3733.1	71.5
(0.200, 2.000) GeV/c	8.7	0.2	264.8	25.6	187.0	23.2	91.8	1.8	19.4	1.9	571.6	34.6	1.92	0.15	20.32	1.60	4.28	0.53	24.61	1.69
(0.200, 1.000) GeV/c	8.7	0.2	261.9	25.3	125.5	15.6	91.8	1.8	19.2	1.9	507.1	29.8	2.24	0.18	23.70	1.88	4.95	0.61	28.65	1.97
(0.200, 0.265) GeV/c	8.6	0.2	41.4	4.0	7.4	0.9	47.0	0.9	3.1	0.3	107.5	4.2	17.54	1.51	96.26	8.30	6.39	0.82	102.65	8.34
(0.265, 0.336) GeV/c	0.1	0.0	47.4	4.6	9.8	1.2	31.3	0.6	3.6	0.3	92.2	4.8	0.18	0.02	54.75	4.66	6.27	0.80	61.01	4.73
(0.336, 0.453) GeV/c	0.0	0.0	67.0	6.5	19.1	2.4	12.6	0.2	4.9	0.5	103.6	6.9	0.00	0.00	14.60	1.20	5.73	0.72	20.33	1.40
(0.453, 0.659) GeV/c	0.0	0.0	72.2	7.0	36.7	4.6	0.9	0.0	5.3	0.5	115.1	8.3	0.00	0.00	0.86	0.07	4.88	0.60	5.73	0.60
(0.659, 1.000) GeV/c	0.0	0.0	33.9	3.3	52.5	6.5	0.0	0.0	2.2	0.2	88.7	7.3	0.00	0.00	0.00	0.00	2.59	0.33	2.59	0.33
