Dataset contains 3733 events.
***
pT range		NCohJ 	err 	NIncJ 	err 	NDiss 	err 	NCohP 	err 	NIncP 	err 	sum 	err 	fC 	err 	fD coh	err 	fD inc	err 	fD 	err
(0.000, 2.000) GeV/c	2919.2	58.7	400.6	33.6	180.0	23.4	205.4	4.1	29.5	2.5	3734.7	71.8
(0.200, 2.000) GeV/c	0.0	0.0	318.8	26.7	170.4	22.2	90.2	1.8	23.3	2.0	602.8	34.8	0.01	0.00	18.44	1.36	4.76	0.52	23.21	1.46
(0.200, 1.000) GeV/c	0.0	0.0	315.3	26.4	114.4	14.9	90.2	1.8	23.1	1.9	543.0	30.4	0.01	0.00	21.00	1.54	5.38	0.59	26.37	1.65
(0.200, 0.265) GeV/c	0.0	0.0	49.8	4.2	6.8	0.9	46.2	0.9	3.8	0.3	106.6	4.4	0.02	0.00	81.58	6.36	6.64	0.75	88.22	6.41
(0.265, 0.336) GeV/c	0.0	0.0	57.1	4.8	8.9	1.2	30.8	0.6	4.3	0.4	101.1	5.0	0.00	0.00	46.62	3.60	6.54	0.73	53.16	3.67
(0.336, 0.453) GeV/c	0.0	0.0	80.6	6.8	17.4	2.3	12.3	0.2	5.9	0.5	116.3	7.1	0.00	0.00	12.59	0.95	6.06	0.67	18.66	1.16
(0.453, 0.659) GeV/c	0.0	0.0	87.0	7.3	33.4	4.4	0.9	0.0	6.4	0.5	127.7	8.5	0.00	0.00	0.76	0.06	5.31	0.58	6.07	0.58
(0.659, 1.000) GeV/c	0.0	0.0	40.8	3.4	47.9	6.2	0.0	0.0	2.7	0.2	91.4	7.1	0.00	0.00	0.00	0.00	3.03	0.35	3.03	0.35
