Dataset contains 3733 events.
***
pT range		NCohJ 	err 	NIncJ 	err 	NDiss 	err 	NCohP 	err 	NIncP 	err 	sum 	err 	fC 	err 	fD coh	err 	fD inc	err 	fD 	err
(0.000, 2.000) GeV/c	2938.5	58.9	374.5	33.6	185.7	23.8	206.9	4.1	27.6	2.5	3733.1	72.0
(0.200, 2.000) GeV/c	12.8	0.3	298.0	26.7	175.8	22.6	90.9	1.8	21.8	2.0	599.3	35.1	2.70	0.21	19.17	1.47	4.60	0.53	23.77	1.56
(0.200, 1.000) GeV/c	18.0	0.4	294.7	26.5	118.0	15.1	90.9	1.8	21.6	1.9	543.3	30.6	4.37	0.33	22.01	1.68	5.23	0.61	27.24	1.79
(0.200, 0.265) GeV/c	6.6	0.1	46.6	4.2	7.0	0.9	46.5	0.9	3.5	0.3	110.2	4.4	12.25	1.01	86.81	7.14	6.56	0.79	93.36	7.19
(0.265, 0.336) GeV/c	4.1	0.1	53.4	4.8	9.2	1.2	31.0	0.6	4.0	0.4	101.7	5.0	6.63	0.54	49.53	4.03	6.45	0.77	55.98	4.10
(0.336, 0.453) GeV/c	1.6	0.0	75.4	6.8	18.0	2.3	12.4	0.2	5.6	0.5	113.0	7.2	1.74	0.14	13.32	1.05	5.95	0.70	19.27	1.27
(0.453, 0.659) GeV/c	0.4	0.0	81.3	7.3	34.5	4.4	0.9	0.0	6.0	0.5	123.1	8.5	0.35	0.03	0.80	0.06	5.17	0.60	5.96	0.60
(0.659, 1.000) GeV/c	0.0	0.0	38.1	3.4	49.4	6.3	0.0	0.0	2.5	0.2	90.1	7.2	0.05	0.00	0.00	0.00	2.87	0.35	2.87	0.35
