Dataset contains 3734 events.
***
pT range		NCohJ 	err 	NIncJ 	err 	NDiss 	err 	NCohP 	err 	NIncP 	err 	sum 	err 	fC 	err 	fD coh	err 	fD inc	err 	fD 	err
(0.000, 2.000) GeV/c	2969.8	58.8	332.6	32.1	198.0	24.5	209.1	4.1	24.5	2.4	3734.1	71.5
(0.200, 2.000) GeV/c	9.0	0.2	265.2	25.6	187.5	23.2	91.9	1.8	19.3	1.9	573.0	34.6	1.99	0.16	20.30	1.60	4.27	0.53	24.57	1.68
(0.200, 1.000) GeV/c	9.0	0.2	262.4	25.3	125.9	15.6	91.9	1.8	19.2	1.9	508.4	29.8	2.32	0.18	23.67	1.87	4.94	0.61	28.61	1.97
(0.200, 0.282) GeV/c	9.0	0.2	53.1	5.1	9.6	1.2	57.0	1.1	4.1	0.4	132.7	5.4	14.28	1.23	90.79	7.82	6.50	0.83	97.29	7.86
(0.282, 0.381) GeV/c	0.0	0.0	64.5	6.2	14.7	1.8	30.3	0.6	4.8	0.5	114.4	6.5	0.05	0.00	38.33	3.23	6.08	0.77	44.41	3.32
(0.381, 0.571) GeV/c	0.0	0.0	87.3	8.4	33.1	4.1	4.6	0.1	6.4	0.6	131.4	9.4	0.00	0.00	3.80	0.30	5.30	0.66	9.10	0.72
(0.571, 1.000) GeV/c	0.0	0.0	57.4	5.5	68.5	8.5	0.0	0.0	3.9	0.4	129.8	10.1	0.00	0.00	0.00	0.00	3.11	0.39	3.11	0.39
