Dataset contains 3734 events.
***
pT range		NCohJ 	err 	NIncJ 	err 	NDiss 	err 	NCohP 	err 	NIncP 	err 	sum 	err 	fC 	err 	fD coh	err 	fD inc	err 	fD 	err
(0.000, 2.000) GeV/c	2954.8	58.9	352.8	32.8	192.4	24.1	208.0	4.1	26.0	2.4	3734.1	71.8
(0.200, 2.000) GeV/c	9.0	0.2	281.3	26.2	182.2	22.9	91.4	1.8	20.5	1.9	584.5	34.9	1.95	0.15	19.73	1.53	4.43	0.53	24.15	1.62
(0.200, 1.000) GeV/c	9.0	0.2	278.3	25.9	122.3	15.3	91.4	1.8	20.4	1.9	521.5	30.2	2.26	0.18	22.82	1.77	5.08	0.61	27.90	1.88
(0.200, 0.282) GeV/c	9.0	0.2	56.3	5.2	9.4	1.2	56.7	1.1	4.3	0.4	135.7	5.5	13.72	1.15	86.28	7.26	6.58	0.82	92.86	7.31
(0.282, 0.381) GeV/c	0.0	0.0	68.4	6.4	14.2	1.8	30.2	0.6	5.1	0.5	118.0	6.7	0.05	0.00	36.52	3.01	6.18	0.76	42.70	3.11
(0.381, 0.571) GeV/c	0.0	0.0	92.6	8.6	32.2	4.0	4.6	0.1	6.8	0.6	136.2	9.5	0.00	0.00	3.65	0.29	5.43	0.65	9.08	0.71
(0.571, 1.000) GeV/c	0.0	0.0	60.9	5.7	66.5	8.3	0.0	0.0	4.1	0.4	131.6	10.1	0.00	0.00	0.00	0.00	3.25	0.40	3.26	0.40
