Dataset contains 3734 events.
***
pT range		NCohJ 	err 	NIncJ 	err 	NDiss 	err 	NCohP 	err 	NIncP 	err 	sum 	err 	fC 	err 	fD coh	err 	fD inc	err 	fD 	err
(0.000, 2.000) GeV/c	2968.8	58.8	334.0	32.1	197.6	24.4	209.0	4.1	24.6	2.4	3734.1	71.5
(0.200, 2.000) GeV/c	9.0	0.2	266.3	25.6	187.2	23.2	91.9	1.8	19.4	1.9	573.7	34.6	1.99	0.16	20.26	1.59	4.28	0.53	24.54	1.68
(0.200, 1.000) GeV/c	9.0	0.2	263.5	25.3	125.6	15.5	91.9	1.8	19.3	1.9	509.2	29.8	2.32	0.18	23.61	1.86	4.95	0.61	28.56	1.96
(0.200, 0.282) GeV/c	9.0	0.2	53.3	5.1	9.6	1.2	56.9	1.1	4.1	0.4	133.0	5.4	14.25	1.23	90.48	7.78	6.50	0.83	96.98	7.82
(0.282, 0.381) GeV/c	0.0	0.0	64.8	6.2	14.6	1.8	30.3	0.6	4.8	0.5	114.6	6.5	0.05	0.00	38.20	3.21	6.09	0.77	44.29	3.30
(0.381, 0.571) GeV/c	0.0	0.0	87.7	8.4	33.1	4.1	4.6	0.1	6.4	0.6	131.7	9.4	0.00	0.00	3.79	0.30	5.31	0.66	9.10	0.72
(0.571, 1.000) GeV/c	0.0	0.0	57.7	5.5	68.3	8.5	0.0	0.0	3.9	0.4	129.9	10.1	0.00	0.00	0.00	0.00	3.12	0.39	3.12	0.39
