Dataset contains 3734 events.
***
pT range		NCohJ 	err 	NIncJ 	err 	NDiss 	err 	NCohP 	err 	NIncP 	err 	sum 	err 	fC 	err 	fD coh	err 	fD inc	err 	fD 	err
(0.000, 2.000) GeV/c	2952.8	58.8	355.4	32.7	191.8	24.1	207.9	4.1	26.2	2.4	3734.1	71.7
(0.200, 2.000) GeV/c	9.1	0.2	283.4	26.1	181.6	22.8	91.4	1.8	20.7	1.9	586.1	34.7	1.95	0.15	19.65	1.51	4.45	0.53	24.09	1.60
(0.200, 1.000) GeV/c	9.1	0.2	280.4	25.8	121.9	15.3	91.4	1.8	20.5	1.9	523.3	30.1	2.25	0.17	22.71	1.75	5.10	0.60	27.81	1.85
(0.200, 0.282) GeV/c	9.0	0.2	56.8	5.2	9.3	1.2	56.6	1.1	4.4	0.4	136.1	5.5	13.65	1.14	85.70	7.15	6.59	0.81	92.29	7.19
(0.282, 0.381) GeV/c	0.0	0.0	68.9	6.3	14.2	1.8	30.2	0.6	5.1	0.5	118.5	6.6	0.05	0.00	36.29	2.96	6.19	0.75	42.48	3.06
(0.381, 0.571) GeV/c	0.0	0.0	93.3	8.6	32.1	4.0	4.5	0.1	6.8	0.6	136.8	9.5	0.00	0.00	3.63	0.28	5.44	0.65	9.07	0.71
(0.571, 1.000) GeV/c	0.0	0.0	61.4	5.6	66.3	8.3	0.0	0.0	4.2	0.4	131.9	10.1	0.00	0.00	0.00	0.00	3.27	0.40	3.28	0.40
