Dataset contains 3734 events.
***
pT range		NCohJ 	err 	NIncJ 	err 	NDiss 	err 	NCohP 	err 	NIncP 	err 	sum 	err 	fC 	err 	fD coh	err 	fD inc	err 	fD 	err
(0.000, 2.000) GeV/c	2966.3	58.8	337.4	32.2	196.7	24.4	208.8	4.1	24.9	2.4	3734.1	71.5
(0.200, 2.000) GeV/c	9.0	0.2	269.0	25.7	186.3	23.1	91.8	1.8	19.6	1.9	575.7	34.6	1.98	0.16	20.16	1.58	4.31	0.53	24.47	1.67
(0.200, 1.000) GeV/c	9.0	0.2	266.2	25.4	125.0	15.5	91.8	1.8	19.5	1.9	511.5	29.9	2.31	0.18	23.46	1.84	4.98	0.61	28.44	1.94
(0.200, 0.282) GeV/c	9.0	0.2	53.9	5.1	9.6	1.2	56.9	1.1	4.1	0.4	133.5	5.4	14.16	1.21	89.69	7.67	6.52	0.82	96.20	7.71
(0.282, 0.381) GeV/c	0.0	0.0	65.4	6.2	14.6	1.8	30.3	0.6	4.9	0.5	115.2	6.5	0.05	0.00	37.89	3.17	6.11	0.77	43.99	3.26
(0.381, 0.571) GeV/c	0.0	0.0	88.6	8.5	32.9	4.1	4.6	0.1	6.5	0.6	132.6	9.4	0.00	0.00	3.76	0.30	5.33	0.66	9.10	0.72
(0.571, 1.000) GeV/c	0.0	0.0	58.3	5.6	68.0	8.4	0.0	0.0	4.0	0.4	130.2	10.1	0.00	0.00	0.00	0.00	3.14	0.39	3.15	0.39
