Dataset contains 3734 events.
***
pT range		NCohJ 	err 	NIncJ 	err 	NDiss 	err 	NCohP 	err 	NIncP 	err 	sum 	err 	fC 	err 	fD coh	err 	fD inc	err 	fD 	err
(0.000, 2.000) GeV/c	2965.7	58.8	338.2	32.3	196.4	24.4	208.8	4.1	24.9	2.4	3734.1	71.6
(0.200, 2.000) GeV/c	9.0	0.2	269.6	25.7	186.0	23.1	91.8	1.8	19.7	1.9	576.1	34.7	1.98	0.16	20.14	1.58	4.32	0.53	24.45	1.67
(0.200, 1.000) GeV/c	9.0	0.2	266.8	25.5	124.9	15.5	91.8	1.8	19.5	1.9	512.0	29.9	2.31	0.18	23.43	1.84	4.98	0.61	28.41	1.94
(0.200, 0.282) GeV/c	9.0	0.2	54.0	5.2	9.5	1.2	56.9	1.1	4.1	0.4	133.6	5.4	14.15	1.21	89.51	7.66	6.52	0.83	96.03	7.70
(0.282, 0.381) GeV/c	0.0	0.0	65.6	6.3	14.5	1.8	30.3	0.6	4.9	0.5	115.4	6.6	0.05	0.00	37.82	3.17	6.11	0.77	43.93	3.26
(0.381, 0.571) GeV/c	0.0	0.0	88.8	8.5	32.9	4.1	4.6	0.1	6.5	0.6	132.7	9.4	0.00	0.00	3.76	0.30	5.34	0.66	9.09	0.72
(0.571, 1.000) GeV/c	0.0	0.0	58.4	5.6	67.9	8.4	0.0	0.0	4.0	0.4	130.3	10.1	0.00	0.00	0.00	0.00	3.15	0.39	3.15	0.39
