Dataset contains 3734 events.
***
pT range		NCohJ 	err 	NIncJ 	err 	NDiss 	err 	NCohP 	err 	NIncP 	err 	sum 	err 	fC 	err 	fD coh	err 	fD inc	err 	fD 	err
(0.000, 2.000) GeV/c	2964.5	58.8	339.9	32.3	196.0	24.3	208.7	4.1	25.0	2.4	3734.1	71.5
(0.200, 2.000) GeV/c	9.0	0.2	271.0	25.7	185.6	23.1	91.7	1.8	19.8	1.9	577.1	34.7	1.98	0.15	20.09	1.57	4.33	0.53	24.42	1.66
(0.200, 1.000) GeV/c	9.0	0.2	268.1	25.5	124.6	15.5	91.7	1.8	19.6	1.9	513.1	29.9	2.30	0.18	23.36	1.83	4.99	0.61	28.35	1.93
(0.200, 0.282) GeV/c	9.0	0.2	54.3	5.2	9.5	1.2	56.9	1.1	4.2	0.4	133.8	5.4	14.10	1.20	89.13	7.60	6.53	0.82	95.65	7.64
(0.282, 0.381) GeV/c	0.0	0.0	65.9	6.3	14.5	1.8	30.3	0.6	4.9	0.5	115.7	6.6	0.05	0.00	37.66	3.14	6.12	0.76	43.78	3.23
(0.381, 0.571) GeV/c	0.0	0.0	89.2	8.5	32.8	4.1	4.6	0.1	6.5	0.6	133.1	9.4	0.00	0.00	3.74	0.30	5.35	0.65	9.09	0.72
(0.571, 1.000) GeV/c	0.0	0.0	58.7	5.6	67.8	8.4	0.0	0.0	4.0	0.4	130.5	10.1	0.00	0.00	0.00	0.00	3.16	0.39	3.16	0.39
