Dataset contains 3734 events.
***
pT range		NCohJ 	err 	NIncJ 	err 	NDiss 	err 	NCohP 	err 	NIncP 	err 	sum 	err 	fC 	err 	fD coh	err 	fD inc	err 	fD 	err
(0.000, 2.000) GeV/c	2963.2	58.9	341.5	32.4	195.5	24.3	208.6	4.1	25.2	2.4	3734.1	71.6
(0.200, 2.000) GeV/c	9.0	0.2	272.3	25.8	185.2	23.0	91.7	1.8	19.9	1.9	578.1	34.7	1.98	0.15	20.04	1.57	4.34	0.53	24.38	1.65
(0.200, 1.000) GeV/c	9.0	0.2	269.4	25.6	124.3	15.5	91.7	1.8	19.7	1.9	514.2	30.0	2.30	0.18	23.29	1.83	5.01	0.61	28.29	1.93
(0.200, 0.282) GeV/c	9.0	0.2	54.5	5.2	9.5	1.2	56.8	1.1	4.2	0.4	134.1	5.4	14.06	1.20	88.75	7.57	6.53	0.82	95.28	7.61
(0.282, 0.381) GeV/c	0.0	0.0	66.2	6.3	14.5	1.8	30.3	0.6	4.9	0.5	116.0	6.6	0.05	0.00	37.51	3.13	6.13	0.76	43.64	3.22
(0.381, 0.571) GeV/c	0.0	0.0	89.7	8.5	32.7	4.1	4.6	0.1	6.6	0.6	133.5	9.5	0.00	0.00	3.73	0.30	5.36	0.66	9.09	0.72
(0.571, 1.000) GeV/c	0.0	0.0	59.0	5.6	67.6	8.4	0.0	0.0	4.0	0.4	130.6	10.1	0.00	0.00	0.00	0.00	3.17	0.39	3.18	0.39
