Dataset contains 3734 events.
***
pT range		NCohJ 	err 	NIncJ 	err 	NDiss 	err 	NCohP 	err 	NIncP 	err 	sum 	err 	fC 	err 	fD coh	err 	fD inc	err 	fD 	err
(0.000, 2.000) GeV/c	2950.0	58.9	359.1	32.8	190.8	24.0	207.7	4.1	26.5	2.4	3734.1	71.7
(0.200, 2.000) GeV/c	9.1	0.2	286.3	26.1	180.7	22.7	91.3	1.8	20.9	1.9	588.3	34.8	1.94	0.15	19.54	1.50	4.47	0.53	24.02	1.59
(0.200, 1.000) GeV/c	9.1	0.2	283.3	25.9	121.3	15.3	91.3	1.8	20.7	1.9	525.7	30.2	2.24	0.17	22.56	1.73	5.12	0.60	27.68	1.84
(0.200, 0.282) GeV/c	9.0	0.2	57.3	5.2	9.3	1.2	56.6	1.1	4.4	0.4	136.6	5.5	13.55	1.12	84.94	7.05	6.60	0.80	91.54	7.09
(0.282, 0.381) GeV/c	0.0	0.0	69.6	6.4	14.1	1.8	30.1	0.6	5.2	0.5	119.2	6.6	0.05	0.00	35.98	2.93	6.21	0.75	42.19	3.02
(0.381, 0.571) GeV/c	0.0	0.0	94.3	8.6	31.9	4.0	4.5	0.1	6.9	0.6	137.7	9.5	0.00	0.00	3.60	0.28	5.47	0.65	9.07	0.70
(0.571, 1.000) GeV/c	0.0	0.0	62.0	5.7	66.0	8.3	0.0	0.0	4.2	0.4	132.2	10.1	0.00	0.00	0.00	0.00	3.30	0.40	3.30	0.40
