Dataset contains 3734 events.
***
pT range		NCohJ 	err 	NIncJ 	err 	NDiss 	err 	NCohP 	err 	NIncP 	err 	sum 	err 	fC 	err 	fD coh	err 	fD inc	err 	fD 	err
(0.000, 2.000) GeV/c	2956.8	58.9	350.1	32.7	193.2	24.2	208.2	4.1	25.8	2.4	3734.1	71.8
(0.200, 2.000) GeV/c	9.1	0.2	279.1	26.1	182.9	22.9	91.5	1.8	20.4	1.9	583.0	34.8	1.96	0.15	19.80	1.54	4.41	0.53	24.21	1.63
(0.200, 1.000) GeV/c	9.1	0.2	276.2	25.8	122.8	15.4	91.5	1.8	20.2	1.9	519.7	30.2	2.27	0.18	22.93	1.79	5.06	0.61	27.99	1.89
(0.200, 0.282) GeV/c	9.0	0.2	55.9	5.2	9.4	1.2	56.7	1.1	4.3	0.4	135.3	5.5	13.80	1.17	86.86	7.34	6.57	0.82	93.43	7.38
(0.282, 0.381) GeV/c	0.0	0.0	67.9	6.3	14.3	1.8	30.2	0.6	5.1	0.5	117.5	6.6	0.05	0.00	36.75	3.04	6.17	0.76	42.92	3.13
(0.381, 0.571) GeV/c	0.0	0.0	91.9	8.6	32.3	4.0	4.6	0.1	6.7	0.6	135.5	9.5	0.00	0.00	3.67	0.29	5.41	0.65	9.08	0.72
(0.571, 1.000) GeV/c	0.0	0.0	60.5	5.7	66.8	8.4	0.0	0.0	4.1	0.4	131.4	10.1	0.00	0.00	0.00	0.00	3.24	0.40	3.24	0.40
