Dataset contains 3734 events.
***
pT range		NCohJ 	err 	NIncJ 	err 	NDiss 	err 	NCohP 	err 	NIncP 	err 	sum 	err 	fC 	err 	fD coh	err 	fD inc	err 	fD 	err
(0.000, 2.000) GeV/c	2960.3	58.8	345.4	32.4	194.5	24.3	208.4	4.1	25.5	2.4	3734.1	71.6
(0.200, 2.000) GeV/c	9.1	0.2	275.4	25.9	184.2	23.0	91.6	1.8	20.1	1.9	580.3	34.7	1.97	0.15	19.93	1.55	4.37	0.53	24.30	1.64
(0.200, 1.000) GeV/c	9.1	0.2	272.5	25.6	123.7	15.4	91.6	1.8	19.9	1.9	516.7	30.0	2.28	0.18	23.12	1.80	5.03	0.61	28.15	1.90
(0.200, 0.282) GeV/c	9.0	0.2	55.2	5.2	9.5	1.2	56.8	1.1	4.2	0.4	134.6	5.4	13.95	1.18	87.88	7.43	6.55	0.82	94.43	7.48
(0.282, 0.381) GeV/c	0.0	0.0	67.0	6.3	14.4	1.8	30.2	0.6	5.0	0.5	116.7	6.6	0.05	0.00	37.16	3.08	6.15	0.76	43.31	3.17
(0.381, 0.571) GeV/c	0.0	0.0	90.7	8.5	32.6	4.1	4.6	0.1	6.6	0.6	134.4	9.5	0.00	0.00	3.70	0.29	5.38	0.65	9.08	0.71
(0.571, 1.000) GeV/c	0.0	0.0	59.6	5.6	67.2	8.4	0.0	0.0	4.1	0.4	131.0	10.1	0.00	0.00	0.00	0.00	3.20	0.39	3.20	0.39
