2178
9435
8788
20446
1253
1556
27237
3717
7692
4552
6622
70927
32356
93752
19764
32522
4478
7859
6262
3607
8670
19037
52562
55265
105858
24939
25238
103864
26206
172251
67470
60581
8027
150586
160141
18147
201717
85685
76176
12500
91424
107652
105912
80107
56164
72306
31892
284039
155057
87765
20143
95524
104027
16975
16046
96206
147955
133419
31431
24076
116357
91791
204967
109387
71893
19988
241196
25565
167211
41433
108133
75751
27985
15728
41414
48920
69011
437547
80598
48868
202335
76872
368602
31794
65029
114057
310300
88938
80158
317479
296761
79824
107993
57468
66029
263499
156716
141353
57415
55861
17955
178535
32433
143783
450078
125434
23887
25194
54988
79259
285686
124614
48228
23160
14295
14793
51727
37220
152047
66987
12087
27217
94693
