pT_low	pT_upp	nEvOld	nEvNew	ratio
0.000	0.005	598	612	1.023
0.005	0.010	1939	1976	1.019
0.010	0.015	3184	3157	0.992
0.015	0.020	4426	4461	1.008
0.020	0.025	5860	5808	0.991
0.025	0.030	6966	7015	1.007
0.030	0.035	8349	8373	1.003
0.035	0.040	9590	9659	1.007
0.040	0.045	10728	10681	0.996
0.045	0.050	12075	12052	0.998
0.050	0.055	13425	13442	1.001
0.055	0.060	14531	14312	0.985
0.060	0.065	15776	15896	1.008
0.065	0.070	17052	17092	1.002
0.070	0.075	18229	18347	1.006
0.075	0.080	19548	19473	0.996
0.080	0.085	20987	21089	1.005
0.085	0.090	21892	21769	0.994
0.090	0.095	23136	23009	0.995
0.095	0.100	23951	24039	1.004
0.100	0.105	25359	25344	0.999
0.105	0.110	26373	26468	1.004
0.110	0.115	27376	27117	0.991
0.115	0.120	28371	28671	1.011
0.120	0.125	29764	29717	0.998
0.125	0.130	30660	30588	0.998
0.130	0.135	31416	31588	1.005
0.135	0.140	32740	32735	1.000
0.140	0.145	33828	33848	1.001
0.145	0.150	34519	34509	1.000
0.150	0.155	35484	35631	1.004
0.155	0.160	36530	36439	0.998
0.160	0.165	36997	37110	1.003
0.165	0.170	38107	38327	1.006
0.170	0.175	39153	39081	0.998
0.175	0.180	40047	40043	1.000
0.180	0.185	40966	41005	1.001
0.185	0.190	41980	41685	0.993
0.190	0.195	42451	42372	0.998
0.195	0.200	42375	42583	1.005
0.200	0.205	43917	43712	0.995
0.205	0.210	44450	44385	0.999
0.210	0.215	45060	45198	1.003
0.215	0.220	45430	45376	0.999
0.220	0.225	45728	45920	1.004
0.225	0.230	46838	46632	0.996
0.230	0.235	47333	47613	1.006
0.235	0.240	47996	48040	1.001
0.240	0.245	48407	48426	1.000
0.245	0.250	49111	49143	1.001
0.250	0.255	49723	49890	1.003
0.255	0.260	49988	49815	0.997
0.260	0.265	50371	50360	1.000
0.265	0.270	50558	50745	1.004
0.270	0.275	50955	51192	1.005
0.275	0.280	51477	51492	1.000
0.280	0.285	51427	51353	0.999
0.285	0.290	51976	52090	1.002
0.290	0.295	52250	52025	0.996
0.295	0.300	52262	52352	1.002
0.300	0.305	52327	52252	0.999
0.305	0.310	53335	53227	0.998
0.310	0.315	53012	52995	1.000
0.315	0.320	53244	53054	0.996
0.320	0.325	53262	52729	0.990
0.325	0.330	53452	53607	1.003
0.330	0.335	53416	53259	0.997
0.335	0.340	53244	53408	1.003
0.340	0.345	53410	53383	0.999
0.345	0.350	53328	53536	1.004
0.350	0.355	53320	53435	1.002
0.355	0.360	53366	53386	1.000
0.360	0.365	52776	52752	1.000
0.365	0.370	52671	52606	0.999
0.370	0.375	52591	52943	1.007
0.375	0.380	52759	52749	1.000
0.380	0.385	52029	52478	1.009
0.385	0.390	52177	52380	1.004
0.390	0.395	52325	52355	1.001
0.395	0.400	52185	52322	1.003
0.400	0.405	52016	51941	0.999
0.405	0.410	51426	51495	1.001
0.410	0.415	51089	51063	0.999
0.415	0.420	50894	51118	1.004
0.420	0.425	50410	50456	1.001
0.425	0.430	50420	50168	0.995
0.430	0.435	49658	49407	0.995
0.435	0.440	49644	49620	1.000
0.440	0.445	49070	49176	1.002
0.445	0.450	48817	48661	0.997
0.450	0.455	47689	47667	1.000
0.455	0.460	47796	48020	1.005
0.460	0.465	47607	47490	0.998
0.465	0.470	46923	46919	1.000
0.470	0.475	46243	46200	0.999
0.475	0.480	45772	45899	1.003
0.480	0.485	45825	45643	0.996
0.485	0.490	45321	45327	1.000
0.490	0.495	44590	44954	1.008
0.495	0.500	44242	44283	1.001
0.500	0.505	43958	43893	0.999
0.505	0.510	43338	43289	0.999
0.510	0.515	42829	42838	1.000
0.515	0.520	42464	42253	0.995
0.520	0.525	41812	41746	0.998
0.525	0.530	41202	41048	0.996
0.530	0.535	40787	40997	1.005
0.535	0.540	40055	39900	0.996
0.540	0.545	39565	39404	0.996
0.545	0.550	39026	39033	1.000
0.550	0.555	38616	38483	0.997
0.555	0.560	37906	37781	0.997
0.560	0.565	37176	36958	0.994
0.565	0.570	36448	36475	1.001
0.570	0.575	36261	36045	0.994
0.575	0.580	35770	35820	1.001
0.580	0.585	35041	34730	0.991
0.585	0.590	34342	34616	1.008
0.590	0.595	34029	34066	1.001
0.595	0.600	33631	33674	1.001
0.600	0.605	32583	32547	0.999
0.605	0.610	32198	31932	0.992
0.610	0.615	31385	31337	0.998
0.615	0.620	30872	30997	1.004
0.620	0.625	30167	30234	1.002
0.625	0.630	29855	29691	0.995
0.630	0.635	29223	29200	0.999
0.635	0.640	28487	28461	0.999
0.640	0.645	27961	28006	1.002
0.645	0.650	27413	27663	1.009
0.650	0.655	27001	26814	0.993
0.655	0.660	26642	26577	0.998
0.660	0.665	25887	25785	0.996
0.665	0.670	25341	25409	1.003
0.670	0.675	24739	24834	1.004
0.675	0.680	24145	24199	1.002
0.680	0.685	23900	23885	0.999
0.685	0.690	23178	23384	1.009
0.690	0.695	23012	22999	0.999
0.695	0.700	22285	22196	0.996
0.700	0.705	21747	21678	0.997
0.705	0.710	21134	21271	1.006
0.710	0.715	20699	20769	1.003
0.715	0.720	20469	20339	0.994
0.720	0.725	19893	19948	1.003
0.725	0.730	19481	19559	1.004
0.730	0.735	18875	18779	0.995
0.735	0.740	18511	18262	0.987
0.740	0.745	17821	17861	1.002
0.745	0.750	17463	17508	1.003
0.750	0.755	17244	17152	0.995
0.755	0.760	16760	16670	0.995
0.760	0.765	16231	16363	1.008
0.765	0.770	15601	15724	1.008
0.770	0.775	15412	15304	0.993
0.775	0.780	14678	14780	1.007
0.780	0.785	14735	14424	0.979
0.785	0.790	14128	14225	1.007
0.790	0.795	13936	13996	1.004
0.795	0.800	13426	13319	0.992
0.800	0.805	13109	13107	1.000
0.805	0.810	12589	12754	1.013
0.810	0.815	12469	12508	1.003
0.815	0.820	11845	11811	0.997
0.820	0.825	11606	11585	0.998
0.825	0.830	11234	11368	1.012
0.830	0.835	11047	11024	0.998
0.835	0.840	10495	10641	1.014
0.840	0.845	10386	10343	0.996
0.845	0.850	10123	10178	1.005
0.850	0.855	9869	9777	0.991
0.855	0.860	9470	9372	0.990
0.860	0.865	9082	9141	1.006
0.865	0.870	8981	8911	0.992
0.870	0.875	8582	8529	0.994
0.875	0.880	8242	8280	1.005
0.880	0.885	7972	8011	1.005
0.885	0.890	7711	7720	1.001
0.890	0.895	7526	7493	0.996
0.895	0.900	7173	7288	1.016
0.900	0.905	7086	7162	1.011
0.905	0.910	6857	6809	0.993
0.910	0.915	6533	6665	1.020
0.915	0.920	6349	6333	0.997
0.920	0.925	6255	6111	0.977
0.925	0.930	5969	5978	1.002
0.930	0.935	5677	5611	0.988
0.935	0.940	5628	5698	1.012
0.940	0.945	5478	5341	0.975
0.945	0.950	5191	5231	1.008
0.950	0.955	5018	5049	1.006
0.955	0.960	4870	4912	1.009
0.960	0.965	4616	4606	0.998
0.965	0.970	4518	4423	0.979
0.970	0.975	4342	4328	0.997
0.975	0.980	4242	4211	0.993
0.980	0.985	4110	4059	0.988
0.985	0.990	3866	3892	1.007
0.990	0.995	3640	3702	1.017
0.995	1.000	3540	3520	0.994
1.000	1.005	3453	3461	1.002
1.005	1.010	3315	3287	0.992
1.010	1.015	3157	3191	1.011
1.015	1.020	3083	3029	0.982
1.020	1.025	2983	2915	0.977
1.025	1.030	2911	2892	0.993
1.030	1.035	2822	2800	0.992
1.035	1.040	2562	2630	1.027
1.040	1.045	2566	2499	0.974
1.045	1.050	2366	2424	1.025
1.050	1.055	2350	2378	1.012
1.055	1.060	2254	2244	0.996
1.060	1.065	2204	2171	0.985
1.065	1.070	2024	2020	0.998
1.070	1.075	2036	2011	0.988
1.075	1.080	1862	1902	1.021
1.080	1.085	1829	1820	0.995
1.085	1.090	1785	1776	0.995
1.090	1.095	1583	1569	0.991
1.095	1.100	1670	1608	0.963
1.100	1.105	1539	1554	1.010
1.105	1.110	1423	1437	1.010
1.110	1.115	1430	1416	0.990
1.115	1.120	1343	1387	1.033
1.120	1.125	1261	1281	1.016
1.125	1.130	1246	1256	1.008
1.130	1.135	1189	1187	0.998
1.135	1.140	1144	1149	1.004
1.140	1.145	1067	1064	0.997
1.145	1.150	1040	1004	0.965
1.150	1.155	1009	1016	1.007
1.155	1.160	1000	979	0.979
1.160	1.165	894	915	1.023
1.165	1.170	898	858	0.955
1.170	1.175	874	878	1.005
1.175	1.180	796	819	1.029
1.180	1.185	769	750	0.975
1.185	1.190	716	709	0.990
1.190	1.195	685	693	1.012
1.195	1.200	686	697	1.016
1.200	1.205	612	639	1.044
1.205	1.210	629	606	0.963
1.210	1.215	618	612	0.990
1.215	1.220	506	541	1.069
1.220	1.225	519	505	0.973
1.225	1.230	499	498	0.998
1.230	1.235	436	437	1.002
1.235	1.240	448	465	1.038
1.240	1.245	385	388	1.008
1.245	1.250	370	391	1.057
1.250	1.255	402	394	0.980
1.255	1.260	410	401	0.978
1.260	1.265	327	354	1.083
1.265	1.270	334	325	0.973
1.270	1.275	305	314	1.030
1.275	1.280	316	312	0.987
1.280	1.285	273	277	1.015
1.285	1.290	259	259	1.000
1.290	1.295	262	272	1.038
1.295	1.300	275	278	1.011
1.300	1.305	236	225	0.953
1.305	1.310	238	242	1.017
1.310	1.315	215	200	0.930
1.315	1.320	193	185	0.959
1.320	1.325	191	191	1.000
1.325	1.330	163	167	1.025
1.330	1.335	157	151	0.962
1.335	1.340	157	163	1.038
1.340	1.345	145	132	0.910
1.345	1.350	139	147	1.058
1.350	1.355	162	157	0.969
1.355	1.360	130	135	1.038
1.360	1.365	108	117	1.083
1.365	1.370	116	114	0.983
1.370	1.375	105	101	0.962
1.375	1.380	105	106	1.010
1.380	1.385	102	106	1.039
1.385	1.390	110	103	0.936
1.390	1.395	89	84	0.944
1.395	1.400	81	89	1.099
