Dataset contains 3734 events.
***
pT range		NCohJ 	err 	NIncJ 	err 	NDiss 	err 	NCohP 	err 	NIncP 	err 	sum 	err 	fC 	err 	fD coh	err 	fD inc	err 	fD 	err
(0.000, 2.000) GeV/c	2939.8	58.9	373.2	33.5	186.7	23.8	207.0	4.1	27.5	2.5	3734.1	72.0
(0.200, 2.000) GeV/c	12.8	0.3	297.5	26.7	176.8	22.6	91.0	1.8	21.7	1.9	599.8	35.1	2.70	0.21	19.18	1.47	4.58	0.53	23.75	1.56
(0.200, 1.000) GeV/c	18.0	0.4	294.4	26.4	118.7	15.1	91.0	1.8	21.5	1.9	543.6	30.6	4.37	0.33	22.02	1.68	5.21	0.61	27.23	1.79
(0.200, 0.265) GeV/c	6.6	0.1	46.8	4.2	7.0	0.9	46.8	0.9	3.6	0.3	110.8	4.4	12.20	1.00	86.97	7.16	6.65	0.80	93.62	7.20
(0.265, 0.336) GeV/c	4.1	0.1	53.2	4.8	9.3	1.2	30.9	0.6	4.1	0.4	101.6	5.0	6.64	0.54	49.40	4.02	6.50	0.78	55.90	4.09
(0.336, 0.453) GeV/c	1.6	0.0	75.2	6.8	18.1	2.3	12.3	0.2	5.5	0.5	112.8	7.2	1.74	0.14	13.21	1.04	5.92	0.70	19.13	1.26
(0.453, 0.659) GeV/c	0.4	0.0	81.3	7.3	34.7	4.4	0.9	0.0	5.9	0.5	123.3	8.6	0.35	0.03	0.80	0.06	5.12	0.59	5.92	0.60
(0.659, 1.000) GeV/c	0.0	0.0	37.7	3.4	49.7	6.3	0.0	0.0	2.4	0.2	89.9	7.2	0.05	0.00	0.00	0.00	2.78	0.34	2.78	0.34
