Dataset contains 3734 events.
***
pT range		NCohJ 	err 	NIncJ 	err 	NDiss 	err 	NCohP 	err 	NIncP 	err 	sum 	err 	fC 	err 	fD coh	err 	fD inc	err 	fD 	err
(0.000, 2.000) GeV/c	2920.8	58.7	398.9	33.5	181.1	23.4	205.5	4.1	29.4	2.5	3735.7	71.7
(0.200, 2.000) GeV/c	0.0	0.0	318.0	26.7	171.5	22.2	90.3	1.8	23.2	1.9	603.1	34.8	0.01	0.00	18.45	1.36	4.74	0.52	23.19	1.46
(0.200, 1.000) GeV/c	0.0	0.0	314.7	26.4	115.1	14.9	90.3	1.8	23.0	1.9	543.2	30.4	0.01	0.00	21.02	1.54	5.36	0.59	26.37	1.65
(0.200, 0.265) GeV/c	0.0	0.0	50.0	4.2	6.8	0.9	46.5	0.9	3.8	0.3	107.2	4.4	0.02	0.00	81.78	6.38	6.73	0.76	88.51	6.43
(0.265, 0.336) GeV/c	0.0	0.0	56.9	4.8	9.0	1.2	30.7	0.6	4.3	0.4	100.9	5.0	0.00	0.00	46.53	3.59	6.60	0.74	53.12	3.67
(0.336, 0.453) GeV/c	0.0	0.0	80.4	6.7	17.5	2.3	12.2	0.2	5.9	0.5	116.1	7.1	0.00	0.00	12.50	0.94	6.02	0.67	18.52	1.16
(0.453, 0.659) GeV/c	0.0	0.0	86.9	7.3	33.6	4.4	0.9	0.0	6.3	0.5	127.8	8.5	0.00	0.00	0.77	0.06	5.27	0.58	6.03	0.58
(0.659, 1.000) GeV/c	0.0	0.0	40.3	3.4	48.2	6.2	0.0	0.0	2.6	0.2	91.1	7.1	0.00	0.00	0.00	0.00	2.93	0.34	2.93	0.34
