Dataset contains 3734 events.
***
pT range		NCohJ 	err 	NIncJ 	err 	NDiss 	err 	NCohP 	err 	NIncP 	err 	sum 	err 	fC 	err 	fD coh	err 	fD inc	err 	fD 	err
(0.000, 2.000) GeV/c	2956.3	58.8	350.9	32.6	193.0	24.2	208.1	4.1	25.9	2.4	3734.1	71.6
(0.200, 2.000) GeV/c	6.5	0.1	279.7	26.0	182.8	22.9	91.3	1.8	20.4	1.9	580.7	34.7	1.42	0.11	19.73	1.53	4.42	0.53	24.15	1.62
(0.200, 1.000) GeV/c	6.5	0.1	276.7	25.7	122.7	15.4	91.3	1.8	20.3	1.9	517.5	30.0	1.64	0.13	22.85	1.77	5.07	0.61	27.92	1.87
(0.200, 0.265) GeV/c	6.5	0.1	44.0	4.1	7.3	0.9	47.2	0.9	3.3	0.3	108.3	4.3	12.65	1.06	92.16	7.74	6.44	0.80	98.60	7.78
(0.265, 0.336) GeV/c	0.1	0.0	50.1	4.7	9.6	1.2	30.9	0.6	3.8	0.4	94.5	4.9	0.10	0.01	51.86	4.30	6.32	0.78	58.18	4.37
(0.336, 0.453) GeV/c	0.0	0.0	70.7	6.6	18.7	2.3	12.2	0.2	5.2	0.5	106.8	7.0	0.00	0.00	13.66	1.10	5.79	0.70	19.44	1.30
(0.453, 0.659) GeV/c	0.0	0.0	76.5	7.1	35.8	4.5	0.9	0.0	5.6	0.5	118.8	8.4	0.00	0.00	0.76	0.06	5.02	0.60	5.78	0.60
(0.659, 1.000) GeV/c	0.0	0.0	35.4	3.3	51.4	6.4	0.0	0.0	2.4	0.2	89.2	7.2	0.00	0.00	0.00	0.00	2.75	0.34	2.75	0.34
