Dataset contains 3734 events.
***
pT range		NCohJ 	err 	NIncJ 	err 	NDiss 	err 	NCohP 	err 	NIncP 	err 	sum 	err 	fC 	err 	fD coh	err 	fD inc	err 	fD 	err
(0.000, 2.000) GeV/c	2962.3	58.9	342.9	32.5	195.1	24.3	208.5	4.1	25.3	2.4	3734.1	71.6
(0.200, 2.000) GeV/c	9.0	0.2	273.3	25.9	184.8	23.0	91.4	1.8	20.0	1.9	578.5	34.7	1.97	0.15	19.96	1.56	4.36	0.53	24.32	1.65
(0.200, 1.000) GeV/c	9.0	0.2	270.4	25.6	124.0	15.5	91.4	1.8	19.8	1.9	514.8	30.0	2.29	0.18	23.18	1.82	5.02	0.61	28.20	1.92
(0.200, 0.265) GeV/c	8.9	0.2	43.0	4.1	7.3	0.9	47.3	0.9	3.2	0.3	109.8	4.3	17.76	1.51	94.04	8.01	6.41	0.81	100.45	8.05
(0.265, 0.336) GeV/c	0.1	0.0	49.0	4.6	9.7	1.2	31.0	0.6	3.7	0.3	93.4	4.8	0.18	0.02	52.88	4.44	6.28	0.79	59.17	4.51
(0.336, 0.453) GeV/c	0.0	0.0	69.1	6.5	18.9	2.4	12.2	0.2	5.1	0.5	105.3	7.0	0.00	0.00	13.90	1.13	5.75	0.71	19.65	1.34
(0.453, 0.659) GeV/c	0.0	0.0	74.7	7.1	36.2	4.5	0.9	0.0	5.5	0.5	117.3	8.4	0.00	0.00	0.77	0.06	4.96	0.60	5.73	0.60
(0.659, 1.000) GeV/c	0.0	0.0	34.6	3.3	51.9	6.5	0.0	0.0	2.3	0.2	88.9	7.3	0.00	0.00	0.00	0.00	2.69	0.34	2.69	0.34
