Dataset contains 3664 events.
***
pT range		NCohJ 	err 	NIncJ 	err 	NDiss 	err 	NCohP 	err 	NIncP 	err 	sum 	err 	fC 	err 	fD coh	err 	fD inc	err 	fD 	err
(0.000, 2.000) GeV/c	2915.9	58.7	373.5	32.5	187.0	23.6	162.7	3.3	24.9	2.2	3664.0	71.2
(0.200, 2.000) GeV/c	6.3	0.1	297.8	25.9	177.1	22.3	71.4	1.4	19.7	1.7	572.3	34.3	1.33	0.10	15.03	1.12	4.15	0.47	19.17	1.22
(0.200, 1.000) GeV/c	6.3	0.1	294.7	25.7	118.9	15.0	71.4	1.4	19.5	1.7	510.8	29.8	1.53	0.11	17.25	1.29	4.72	0.53	21.98	1.39
(0.200, 0.283) GeV/c	6.3	0.1	60.5	5.3	9.2	1.2	45.0	0.9	4.1	0.4	125.1	5.5	9.02	0.72	64.52	5.16	5.89	0.69	70.41	5.20
(0.283, 0.390) GeV/c	0.0	0.0	77.7	6.8	15.1	1.9	23.7	0.5	5.2	0.5	121.7	7.1	0.02	0.00	25.54	2.00	5.60	0.65	31.14	2.10
(0.390, 0.508) GeV/c	0.0	0.0	65.5	5.7	19.2	2.4	2.6	0.1	4.4	0.4	91.7	6.2	0.00	0.00	3.12	0.24	5.14	0.58	8.26	0.63
(0.508, 0.691) GeV/c	0.0	0.0	60.5	5.3	30.9	3.9	0.0	0.0	4.0	0.4	95.4	6.6	0.00	0.00	0.04	0.00	4.41	0.50	4.45	0.50
(0.691, 1.000) GeV/c	0.0	0.0	30.5	2.7	44.4	5.6	0.0	0.0	1.8	0.2	76.8	6.2	0.00	0.00	0.00	0.00	2.47	0.30	2.47	0.30
